-11794.5673828125,-9798.208984375,-3573.099853515625,2369.880615234375,3332.297119140625,21146.931640625,-1638.7303466796875,3492.832275390625,-2711.614013671875,4618.962890625,-7211.3671875,-4668.23583984375,-4850.22900390625,3503.16357421875,1202.4244384765625,-3369.649169921875,132.7196807861328,3888.60693359375,5261.10302734375,17069.974609375,3544.489501953125,13175.8046875,2372.264892578125,16779.900390625,-5125.99951171875,-5131.5625,-3135.9990234375,-955.2637939453125,-6138.4833984375,1581.5098876953125,6666.978515625,7654.82568359375,4178.6826171875,5682.3095703125,1062.5521240234375,6564.45849609375,-252.72369384765625,20383.9921875,-1393.9539794921875,-0.0,-1243.750244140625,9628.13671875,-1432.1009521484375,505.4473876953125,2257.029296875,9509.72265625,-5020.30029296875,3678.00390625,-4924.138671875,-398.1590270996094,-235.2396697998047,10340.2138671875,-12175.2421875,-12108.4853515625,-5702.177734375,-1169.0457763671875,254.31314086914062,-5827.7451171875,-1441.6376953125,-449.8163757324219,-7429.91796875,4049.142333984375,1413.0274658203125,1298.5865478515625,-5255.54052734375,1074.4730224609375,0.0,-3030.300048828125,0.0,-2058.346923828125,-0.0,-643.7301635742188
-11752.4462890625,-9739.3994140625,-3560.384033203125,2394.51708984375,3353.754638671875,21165.212890625,-1626.0146484375,3503.16357421875,-2709.229736328125,4590.3525390625,-7181.96240234375,-4650.75146484375,-4834.333984375,3524.621337890625,1216.7294921875,-3351.37060546875,151.7931671142578,3905.29638671875,5273.02392578125,17058.0546875,3564.357666015625,13195.673828125,2390.543701171875,16795.79296875,-5103.7470703125,-5116.462890625,-3117.720458984375,-935.3955688476562,-6117.02587890625,1615.6832275390625,6686.0517578125,7678.66748046875,4196.9619140625,5702.177734375,1080.8309326171875,6581.94189453125,-240.80276489257812,20395.12109375,-1366.138427734375,-0.0,-1224.6767578125,9644.826171875,-1412.2327880859375,522.931396484375,2263.386962890625,9510.517578125,-5004.40576171875,3704.22998046875,-4907.44921875,-360.0120544433594,-220.1398162841797,10350.544921875,-12137.8896484375,-12078.28515625,-5680.7197265625,-1154.74072265625,272.5919189453125,-5796.75048828125,-1446.406005859375,-452.2005615234375,-7394.15478515625,4065.83154296875,1417.0010986328125,1347.06494140625,-5224.5458984375,1097.520263671875,0.0,-2996.126953125,0.0,-2063.91015625,-0.0,-634.9881591796875
-11776.2880859375,-9776.751953125,-3590.583740234375,2364.317626953125,3333.886474609375,21138.19140625,-1652.24072265625,3463.42724609375,-2740.22412109375,4510.87939453125,-7228.056640625,-4680.95166015625,-4843.076171875,3530.1845703125,1200.8348388671875,-3405.411865234375,125.56712341308594,3878.275634765625,5241.2353515625,17005.6015625,3538.1318359375,13167.8583984375,2364.317626953125,16763.2109375,-5113.28369140625,-5143.4833984375,-3135.9990234375,-974.3372802734375,-6136.89404296875,1606.941162109375,6659.03076171875,7650.05712890625,4168.3515625,5675.95166015625,1055.3995361328125,6553.33203125,-267.82354736328125,20359.357421875,-1405.8748779296875,-0.0,-1246.1343994140625,9615.4208984375,-1436.0745849609375,491.14227294921875,2236.3662109375,9460.44921875,-5025.86376953125,3674.0302734375,-4928.11181640625,-382.26446533203125,-231.26602172851562,10310.013671875,-12161.7314453125,-12094.1796875,-5701.38330078125,-1180.9666748046875,267.82354736328125,-5836.48681640625,-1461.505859375,-517.3682861328125,-7425.94384765625,4036.426513671875,1379.6488037109375,1346.270263671875,-5242.02978515625,1060.16796875,0.0,-3014.405517578125,0.0,-2106.03076171875,-0.0,-652.47216796875
-11796.951171875,-9808.5400390625,-3566.741943359375,2346.83349609375,3346.602294921875,21133.421875,-1654.625,3456.274658203125,-2737.83984375,4506.111328125,-7239.18310546875,-4688.8984375,-4823.2080078125,3525.416015625,1192.0928955078125,-3407.796142578125,122.38819885253906,3876.68603515625,5235.671875,17000.833984375,3542.900146484375,13161.5,2361.138671875,16758.44140625,-5071.1630859375,-5144.27783203125,-3135.204345703125,-979.900390625,-6151.994140625,1613.299072265625,6657.44140625,7644.49462890625,4173.91455078125,5670.388671875,1058.5784912109375,6550.94775390625,-270.2077331542969,20353.794921875,-1409.8485107421875,-0.0,-1225.471435546875,9604.294921875,-1434.485107421875,487.16864013671875,2232.392578125,9452.501953125,-4998.04833984375,3656.54638671875,-4914.6015625,-387.8275451660156,-239.2133026123047,10304.451171875,-12175.2421875,-12089.412109375,-5715.68798828125,-1181.7613525390625,268.6182556152344,-5849.9970703125,-1456.737548828125,-516.5736083984375,-7436.275390625,4032.453125,1374.8804931640625,1339.912353515625,-5271.4345703125,1060.16796875,0.0,-3032.684326171875,0.0,-2106.82568359375,-0.0,-658.0352783203125
-11797.74609375,-9791.056640625,-3527.80029296875,2372.264892578125,3379.18603515625,21162.828125,-1629.193603515625,3483.29541015625,-2712.40869140625,4546.64208984375,-7199.4462890625,-4658.69921875,-4796.98193359375,3546.873779296875,1230.2398681640625,-3382.364990234375,147.81951904296875,3902.912109375,5261.10302734375,17036.595703125,3574.689208984375,13186.931640625,2386.570068359375,16784.66796875,-5037.78466796875,-5103.7470703125,-3108.18359375,-952.0848388671875,-6125.76806640625,1644.29345703125,6685.2568359375,7669.92578125,4204.1142578125,5697.4091796875,1084.8045654296875,6576.37939453125,-244.77639770507812,20381.609375,-1370.9068603515625,-0.0,-1186.52978515625,9636.0849609375,-1406.669677734375,513.3946533203125,2258.61865234375,9483.4970703125,-4960.69580078125,3680.38818359375,-4885.19677734375,-369.5487976074219,-204.24525451660156,10329.8828125,-12163.3212890625,-12048.880859375,-5687.87255859375,-1149.9722900390625,285.30755615234375,-5822.9765625,-1435.27978515625,-481.60552978515625,-7409.25439453125,4057.08935546875,1404.285400390625,1366.138427734375,-5270.64013671875,1095.9306640625,0.0,-3014.405517578125,0.0,-2073.447021484375,-0.0,-623.8619384765625
-11840.6611328125,-9798.208984375,-3523.82666015625,2370.67529296875,3359.31787109375,21161.23828125,-1634.7567138671875,3487.26904296875,-2712.40869140625,4553.0,-7207.3935546875,-4669.03076171875,-4834.333984375,3541.310546875,1222.2926025390625,-3378.391357421875,146.2300567626953,3897.34912109375,5256.3349609375,17040.5703125,3566.741943359375,13184.5478515625,2380.212158203125,16782.283203125,-5095.7998046875,-5112.4892578125,-3123.283447265625,-949.70068359375,-6122.5888671875,1626.0146484375,6681.28369140625,7667.54150390625,4200.935546875,5693.435546875,1073.6783447265625,6571.61083984375,-251.13424682617188,20382.404296875,-1355.8070068359375,-0.0,-1202.4244384765625,9637.673828125,-1417.7957763671875,514.1893920898438,2257.029296875,9488.2646484375,-4957.51708984375,3678.00390625,-4920.95947265625,-382.26446533203125,-212.19253540039062,10333.85546875,-12180.8056640625,-12066.3642578125,-5683.89892578125,-1160.3037109375,267.02880859375,-5826.9501953125,-1441.6376953125,-478.4266052246094,-7411.638671875,4053.11572265625,1404.285400390625,1358.191162109375,-5256.3349609375,1079.241455078125,0.0,-3012.021240234375,0.0,-2077.42041015625,-0.0,-627.8355712890625
-11863.708984375,-9818.0771484375,-3523.031982421875,2360.343994140625,3345.0126953125,21161.23828125,-1638.7303466796875,3492.03759765625,-2700.48779296875,4569.689453125,-7232.0302734375,-4661.0830078125,-4861.35498046875,3568.33154296875,1199.2454833984375,-3374.41748046875,142.2564239501953,3893.37548828125,5257.1298828125,17056.46484375,3560.384033203125,13183.7529296875,2376.238525390625,16782.283203125,-5122.8203125,-5129.1787109375,-3137.58837890625,-943.3428344726562,-6136.09912109375,1595.020263671875,6677.3095703125,7662.77294921875,4196.9619140625,5690.2568359375,1068.9100341796875,6570.81591796875,-254.31314086914062,20385.583984375,-1365.34375,-0.0,-1214.3453369140625,9632.1103515625,-1426.537841796875,518.1630249023438,2255.439697265625,9497.0068359375,-4955.1328125,3666.877685546875,-4934.4697265625,-385.443359375,-235.2396697998047,10337.830078125,-12208.62109375,-12106.1005859375,-5698.2041015625,-1169.8404541015625,261.4656982421875,-5822.181640625,-1454.353271484375,-461.7373046875,-7433.89111328125,4051.526611328125,1409.8485107421875,1375.6751708984375,-5261.89794921875,1078.44677734375,0.0,-2999.3056640625,0.0,-2058.346923828125,-0.0,-609.5568237304688
-11874.8349609375,-9833.9716796875,-3556.41064453125,2361.933349609375,3349.781005859375,21172.365234375,-1629.98828125,3503.95849609375,-2686.977294921875,4585.583984375,-7226.46728515625,-4645.18896484375,-4849.43408203125,3581.047119140625,1206.39794921875,-3356.138916015625,139.07749938964844,3898.9384765625,5267.46142578125,17072.359375,3555.61572265625,13189.3154296875,2383.39111328125,16791.8203125,-5107.720703125,-5093.41552734375,-3132.820068359375,-935.3955688476562,-6130.53662109375,1595.020263671875,6678.8994140625,7652.44140625,4185.83544921875,5690.2568359375,1072.883544921875,6578.763671875,-244.77639770507812,20394.326171875,-1405.8748779296875,-0.0,-1224.6767578125,9642.44140625,-1417.7957763671875,527.6997680664062,2267.360595703125,9508.1328125,-5004.40576171875,3669.261962890625,-4927.3173828125,-371.13824462890625,-228.0871124267578,10351.33984375,-12286.50390625,-12106.1005859375,-5694.23046875,-1169.0457763671875,265.4393615722656,-5804.69775390625,-1436.0745849609375,-455.3794860839844,-7445.017578125,4060.268310546875,1420.9747314453125,1391.5697021484375,-5244.4140625,1094.34130859375,0.0,-2992.153076171875,0.0,-2050.39990234375,-0.0,-594.4569702148438
-11867.6826171875,-9871.3232421875,-3546.873779296875,2347.62841796875,3338.65478515625,21140.576171875,-1649.061767578125,3475.34814453125,-2713.203369140625,4562.53662109375,-7215.34130859375,-4680.15673828125,-4855.79150390625,3539.72119140625,1190.50341796875,-3387.927978515625,123.18293762207031,3879.0703125,5246.00341796875,17046.1328125,3542.10546875,13164.6796875,2366.701904296875,16768.7734375,-5096.59423828125,-5128.3837890625,-3141.562255859375,-971.9530639648438,-6154.37841796875,1584.6888427734375,6658.23583984375,7638.93115234375,4173.91455078125,5671.18310546875,1058.5784912109375,6554.126953125,-264.6446228027344,20368.099609375,-1408.259033203125,-0.0,-1233.4188232421875,9613.037109375,-1432.8956298828125,495.91064453125,2247.492431640625,9481.9072265625,-4973.41162109375,3658.1357421875,-4947.185546875,-401.33795166015625,-243.18695068359375,10322.73046875,-12254.71484375,-12121.9951171875,-5718.86669921875,-1193.682373046875,254.31314086914062,-5841.25537109375,-1448.7901611328125,-470.4793395996094,-7465.6806640625,4037.221435546875,1397.1328125,1362.164794921875,-5284.94482421875,1068.9100341796875,0.0,-2995.33203125,0.0,-2066.29443359375,-0.0,-617.504150390625
-11898.6767578125,-9857.8134765625,-3554.821044921875,2348.423095703125,3345.807373046875,21135.806640625,-1641.1146240234375,3474.553466796875,-2711.614013671875,4563.33154296875,-7217.72509765625,-4693.6669921875,-4903.47509765625,3536.542236328125,1204.0137939453125,-3388.72265625,122.38819885253906,3879.864990234375,5248.3876953125,17045.33984375,3541.310546875,13162.294921875,2372.264892578125,16768.7734375,-5139.509765625,-5159.3779296875,-3122.48876953125,-967.1846923828125,-6176.63037109375,1592.6361083984375,6656.646484375,7638.93115234375,4174.70947265625,5668.00439453125,1061.7574462890625,6554.126953125,-256.69732666015625,20369.6875,-1372.4962158203125,-0.0,-1241.3660888671875,9605.08984375,-1417.7957763671875,494.3211669921875,2249.876708984375,9479.5224609375,-4986.12744140625,3658.1357421875,-4983.7431640625,-394.1853942871094,-228.8818359375,10321.9345703125,-12224.5146484375,-12106.8955078125,-5741.119140625,-1188.9139404296875,259.8762512207031,-5846.818359375,-1444.0218505859375,-472.863525390625,-7463.29638671875,4039.605712890625,1398.7222900390625,1353.4227294921875,-5294.48193359375,1062.5521240234375,0.0,-3009.63720703125,0.0,-2071.857421875,-0.0,-623.0671997070312
-11878.013671875,-9861.787109375,-3571.51025390625,2360.343994140625,3359.31787109375,21154.0859375,-1629.193603515625,3488.8583984375,-2705.256103515625,4578.431640625,-7243.951171875,-4685.7197265625,-4885.99169921875,3542.900146484375,1210.37158203125,-3372.828125,124.77238464355469,3891.785888671875,5261.10302734375,17057.259765625,3545.2841796875,13172.626953125,2386.570068359375,16780.6953125,-5149.84130859375,-5122.8203125,-3117.720458984375,-950.4954223632812,-6153.58349609375,1588.6624755859375,6664.59423828125,7640.5205078125,4175.50439453125,5672.77294921875,1071.294189453125,6568.431640625,-244.77639770507812,20382.404296875,-1386.8013916015625,-0.0,-1241.3660888671875,9624.1640625,-1398.7222900390625,510.21575927734375,2258.61865234375,9494.6220703125,-5040.1689453125,3668.46728515625,-4971.822265625,-385.443359375,-223.31874084472656,10337.03515625,-12208.62109375,-12106.8955078125,-5718.072265625,-1189.708740234375,244.77639770507812,-5826.1552734375,-1446.406005859375,-456.1742248535156,-7464.0908203125,4054.705078125,1409.0538330078125,1366.9332275390625,-5261.89794921875,1069.7047119140625,0.0,-3004.07421875,0.0,-2060.731201171875,-0.0,-607.9674072265625
-11812.845703125,-9883.244140625,-3584.225830078125,2350.012451171875,3352.165283203125,21145.34375,-1636.34619140625,3484.090087890625,-2711.614013671875,4574.45751953125,-7243.951171875,-4692.07763671875,-4853.4072265625,3534.952880859375,1190.50341796875,-3381.570068359375,117.61983489990234,3886.222900390625,5258.71875,17053.28515625,3542.900146484375,13166.2685546875,2382.59619140625,16775.92578125,-5122.02587890625,-5123.615234375,-3144.740966796875,-960.0321655273438,-6155.1728515625,1577.5362548828125,6660.6201171875,7639.72607421875,4168.3515625,5668.798828125,1068.115234375,6562.07421875,-248.75006103515625,20376.83984375,-1389.9803466796875,-0.0,-1237.3924560546875,9617.0107421875,-1399.51708984375,503.85791015625,2253.850341796875,9491.443359375,-5021.89013671875,3657.341064453125,-4954.337890625,-402.9273986816406,-242.39222717285156,10329.0869140625,-12180.8056640625,-12133.916015625,-5718.86669921875,-1211.1663818359375,240.00804138183594,-5830.12890625,-1455.1480712890625,-461.7373046875,-7465.6806640625,4049.142333984375,1404.285400390625,1355.8070068359375,-5267.46142578125,1067.3204345703125,0.0,-3014.405517578125,0.0,-2061.526123046875,-0.0,-616.7094116210938
-11799.3359375,-9869.734375,-3568.33154296875,2345.244140625,3336.2705078125,21142.958984375,-1645.8829345703125,3484.885009765625,-2717.17724609375,4567.30517578125,-7230.4404296875,-4692.87255859375,-4827.97607421875,3525.416015625,1186.52978515625,-3379.980712890625,113.64618682861328,3881.45458984375,5251.56640625,17043.748046875,3541.310546875,13163.08984375,2369.880615234375,16772.74609375,-5105.33642578125,-5133.94677734375,-3147.125244140625,-956.0584716796875,-6143.251953125,1575.152099609375,6658.23583984375,7636.546875,4169.14599609375,5664.8251953125,1058.5784912109375,6557.3056640625,-257.4920654296875,20374.45703125,-1434.485107421875,-0.0,-1230.2398681640625,9612.2431640625,-1427.33251953125,503.0632019042969,2247.492431640625,9486.6748046875,-5009.96923828125,3654.162109375,-4902.6806640625,-385.443359375,-244.77639770507812,10330.6767578125,-12195.1103515625,-12148.220703125,-5706.94580078125,-1235.802978515625,251.928955078125,-5831.71826171875,-1457.5322265625,-473.6582336425781,-7462.50146484375,4043.5791015625,1400.311767578125,1341.5018310546875,-5259.513671875,1075.267822265625,0.0,-3018.379150390625,0.0,-2069.47314453125,-0.0,-625.451416015625
-11818.4091796875,-9899.1396484375,-3592.968017578125,2343.654541015625,3327.52880859375,21141.37109375,-1654.625,3483.29541015625,-2723.534912109375,4556.17919921875,-7279.7138671875,-4699.22998046875,-4847.8447265625,3526.210693359375,1193.682373046875,-3372.828125,102.51998901367188,3871.917724609375,5245.208984375,17033.41796875,3526.210693359375,13157.52734375,2357.959716796875,16764.005859375,-5117.2578125,-5129.1787109375,-3132.820068359375,-958.4426879882812,-6144.046875,1567.99951171875,6648.69921875,7621.447265625,4154.8408203125,5658.4677734375,1045.068115234375,6550.1533203125,-267.82354736328125,20368.099609375,-1472.632080078125,-0.0,-1246.92919921875,9611.447265625,-1453.55859375,498.2948303222656,2241.134765625,9482.701171875,-5078.31591796875,3649.393798828125,-4891.55419921875,-405.31158447265625,-239.2133026123047,10333.0615234375,-12292.8623046875,-12160.1416015625,-5705.3564453125,-1238.1871337890625,262.26043701171875,-5837.28173828125,-1459.91650390625,-492.73175048828125,-7475.21728515625,4034.04248046875,1393.9539794921875,1333.5545654296875,-5248.3876953125,1067.3204345703125,0.0,-3021.55810546875,0.0,-2081.394287109375,-0.0,-634.9881591796875
-11841.4560546875,-9934.107421875,-3615.22021484375,2328.554931640625,3310.83935546875,21119.1171875,-1664.16162109375,3464.221923828125,-2731.482177734375,4548.2314453125,-7305.93994140625,-4720.68798828125,-4847.0498046875,3517.46875,1191.298095703125,-3391.10693359375,87.4201431274414,3857.612548828125,5230.90380859375,17025.470703125,3508.726806640625,13141.6318359375,2346.038818359375,16745.7265625,-5146.662109375,-5157.78857421875,-3145.53564453125,-983.0792846679688,-6159.14697265625,1537.7998046875,6632.8046875,7611.11572265625,4135.767578125,5644.95703125,1029.96826171875,6531.8740234375,-278.1549987792969,20352.205078125,-1470.2479248046875,-0.0,-1269.181640625,9592.3740234375,-1455.9427490234375,478.4266052246094,2233.1875,9468.396484375,-5081.49462890625,3635.88330078125,-4936.85400390625,-429.1534423828125,-243.18695068359375,10307.6298828125,-12289.68359375,-12179.2158203125,-5721.2509765625,-1226.2662353515625,259.8762512207031,-5864.30224609375,-1469.4532470703125,-481.60552978515625,-7498.26416015625,4018.14794921875,1382.8277587890625,1323.22314453125,-5269.05078125,1049.041748046875,0.0,-3023.942138671875,0.0,-2079.8046875,-0.0,-650.0880126953125
-11832.7138671875,-9907.0859375,-3625.552001953125,2322.197021484375,3298.91845703125,21108.78515625,-1672.9036865234375,3445.943115234375,-2743.403076171875,4539.48974609375,-7269.38232421875,-4723.072265625,-4865.328125,3505.5478515625,1187.324462890625,-3420.511962890625,81.06231689453125,3848.075927734375,5219.77734375,17016.728515625,3500.779296875,13133.685546875,2335.70751953125,16734.599609375,-5168.9150390625,-5172.09375,-3162.22509765625,-998.973876953125,-6154.37841796875,1527.4683837890625,6624.857421875,7611.91015625,4130.20458984375,5638.599609375,1022.0209350585938,6520.748046875,-287.6917419433594,20337.900390625,-1442.432373046875,-0.0,-1278.7183837890625,9582.8369140625,-1461.505859375,466.50567626953125,2223.650634765625,9450.912109375,-5071.9580078125,3630.3203125,-4962.28564453125,-432.3323669433594,-247.16058349609375,10284.5830078125,-12245.97265625,-12173.65234375,-5714.8935546875,-1205.603271484375,251.13424682617188,-5872.24951171875,-1473.4267578125,-500.67901611328125,-7503.03271484375,4007.81640625,1372.4962158203125,1315.2757568359375,-5273.02392578125,1036.3260498046875,0.0,-3048.578857421875,0.0,-2095.69921875,-0.0,-653.2669067382812
-11828.740234375,-9875.2978515625,-3606.478515625,2324.5810546875,3317.991943359375,21116.734375,-1665.7510986328125,3449.1220703125,-2737.83984375,4544.25830078125,-7207.3935546875,-4711.1513671875,-4854.9970703125,3511.90576171875,1182.55615234375,-3414.94873046875,88.21487426757812,3854.433837890625,5224.5458984375,17022.291015625,3511.90576171875,13141.6318359375,2346.038818359375,16740.95703125,-5137.12548828125,-5163.3515625,-3150.30419921875,-997.3843994140625,-6148.81494140625,1556.07861328125,6633.599609375,7613.5,4142.12548828125,5642.57275390625,1032.3524169921875,6528.69580078125,-280.5391845703125,20342.66796875,-1457.5322265625,-0.0,-1260.4395751953125,9588.400390625,-1449.5849609375,470.4793395996094,2230.00830078125,9454.0908203125,-5056.85791015625,3631.90966796875,-4938.44384765625,-417.2325134277344,-250.33950805664062,10288.5556640625,-12217.3623046875,-12139.4794921875,-5710.125,-1180.9666748046875,255.10787963867188,-5862.712890625,-1471.83740234375,-501.4737243652344,-7487.13818359375,4015.763671875,1376.469970703125,1320.044189453125,-5277.79248046875,1031.5577392578125,0.0,-3046.989501953125,0.0,-2096.493896484375,-0.0,-645.3196411132812
-11845.4296875,-9865.7607421875,-3604.888916015625,2334.91259765625,3326.73388671875,21133.421875,-1647.472412109375,3466.606201171875,-2720.35595703125,4562.53662109375,-7205.80419921875,-4683.3359375,-4858.17578125,3539.72119140625,1213.550537109375,-3395.08056640625,105.69890594482422,3871.917724609375,5242.82470703125,17039.775390625,3523.82666015625,13156.7314453125,2362.72802734375,16757.646484375,-5146.662109375,-5150.63623046875,-3128.846435546875,-976.721435546875,-6131.3310546875,1586.2783203125,6647.10986328125,7629.39453125,4153.25146484375,5658.4677734375,1046.6575927734375,6546.17919921875,-259.8762512207031,20360.947265625,-1431.3062744140625,-0.0,-1258.85009765625,9602.7060546875,-1432.1009521484375,488.7580871582031,2249.081787109375,9470.7802734375,-5045.73193359375,3642.2412109375,-4934.4697265625,-398.9537658691406,-220.93455505371094,10305.2451171875,-12202.2626953125,-12102.921875,-5694.23046875,-1171.429931640625,271.00244140625,-5844.43408203125,-1449.5849609375,-482.4002685546875,-7479.19091796875,4034.04248046875,1393.9539794921875,1340.7071533203125,-5255.54052734375,1059.373291015625,0.0,-3033.47900390625,0.0,-2094.10986328125,-0.0,-635.7828979492188
-11875.6298828125,-9863.376953125,-3603.29931640625,2326.170654296875,3334.68115234375,21135.806640625,-1629.98828125,3472.169189453125,-2708.43505859375,4568.10009765625,-7235.208984375,-4680.95166015625,-4878.8388671875,3539.72119140625,1264.4132080078125,-3399.848876953125,107.28836059570312,3878.275634765625,5253.15625,17047.724609375,3527.80029296875,13158.3212890625,2373.0595703125,16764.798828125,-5146.662109375,-5153.0205078125,-3100.236083984375,-972.747802734375,-6137.68896484375,1597.404541015625,6648.69921875,7624.6259765625,4153.25146484375,5658.4677734375,1053.81005859375,6548.5634765625,-243.98167419433594,20368.89453125,-1436.8692626953125,-0.0,-1254.87646484375,9597.9375,-1419.38525390625,491.9369812011719,2265.771240234375,9477.138671875,-5031.4267578125,3634.293701171875,-4936.85400390625,-406.9010314941406,-170.07191467285156,10308.4248046875,-12206.2373046875,-12103.716796875,-5700.58837890625,-1173.814208984375,288.4864807128906,-5841.25537109375,-1415.41162109375,-478.4266052246094,-7506.2119140625,4041.98974609375,1402.696044921875,1347.06494140625,-5267.46142578125,1064.936279296875,0.0,-3027.121337890625,0.0,-2084.572998046875,-0.0,-634.9881591796875
-11893.11328125,-9858.6083984375,-3596.146728515625,2331.733642578125,3340.244384765625,21143.755859375,-1628.39892578125,3484.090087890625,-2698.8984375,4578.431640625,-7247.1298828125,-4679.36181640625,-4870.0966796875,3559.58935546875,1235.802978515625,-3380.775390625,108.08309173583984,3886.222900390625,5259.513671875,17060.4375,3532.568603515625,13163.08984375,2378.622802734375,16773.54296875,-5132.35693359375,-5148.251953125,-3113.74658203125,-958.4426879882812,-6138.4833984375,1600.5833740234375,6655.0576171875,7618.2685546875,4155.6357421875,5659.26220703125,1059.373291015625,6556.5107421875,-242.39222717285156,20377.63671875,-1455.1480712890625,-0.0,-1246.92919921875,9605.884765625,-1415.41162109375,503.0632019042969,2268.9501953125,9487.4697265625,-5028.248046875,3639.85693359375,-4996.45849609375,-389.4170227050781,-197.0926971435547,10324.3193359375,-12252.3310546875,-12122.7900390625,-5701.38330078125,-1163.482666015625,242.39222717285156,-5835.69189453125,-1426.537841796875,-479.2213439941406,-7512.5693359375,4045.16845703125,1411.43798828125,1362.95947265625,-5276.203125,1072.883544921875,0.0,-3024.737060546875,0.0,-2078.21533203125,-0.0,-623.8619384765625
-11898.6767578125,-9883.244140625,-3602.504638671875,2340.475830078125,3348.986328125,21150.908203125,-1632.37255859375,3495.21630859375,-2694.1298828125,4583.2001953125,-7261.43505859375,-4684.13037109375,-4853.4072265625,3572.304931640625,1204.0137939453125,-3351.37060546875,107.28836059570312,3888.60693359375,5261.10302734375,17065.20703125,3534.157958984375,13166.2685546875,2380.212158203125,16777.515625,-5140.3046875,-5140.3046875,-3132.820068359375,-940.9586791992188,-6143.251953125,1595.020263671875,6656.646484375,7616.6787109375,4155.6357421875,5661.646484375,1062.5521240234375,6562.86865234375,-246.36587524414062,20383.19921875,-1467.0689697265625,-0.0,-1247.723876953125,9613.037109375,-1409.0538330078125,514.984130859375,2264.9765625,9494.6220703125,-5055.2685546875,3647.80419921875,-4999.6376953125,-372.72772216796875,-229.6765594482422,10341.0078125,-12294.4521484375,-12148.220703125,-5706.94580078125,-1170.63525390625,234.44493103027344,-5834.8974609375,-1447.2008056640625,-479.2213439941406,-7499.853515625,4047.552490234375,1413.0274658203125,1370.112060546875,-5269.845703125,1075.267822265625,0.0,-3031.0947265625,0.0,-2079.010009765625,-0.0,-615.1199340820312
-11899.4716796875,-9912.650390625,-3607.273193359375,2330.144287109375,3353.754638671875,21135.806640625,-1642.7039794921875,3477.732421875,-2710.8193359375,4568.89501953125,-7272.5615234375,-4700.8193359375,-4865.328125,3552.436767578125,1191.298095703125,-3368.059814453125,101.72525787353516,3876.68603515625,5249.18212890625,17050.107421875,3529.3896484375,13156.7314453125,2373.0595703125,16761.62109375,-5141.099609375,-5142.68896484375,-3146.33056640625,-966.3899536132812,-6177.42529296875,1576.7415771484375,6646.31494140625,7611.11572265625,4150.07275390625,5656.8779296875,1057.78369140625,6550.1533203125,-255.10787963867188,20368.89453125,-1463.0953369140625,-0.0,-1248.5185546875,9604.294921875,-1411.43798828125,496.7053527832031,2252.260986328125,9481.9072265625,-5053.67919921875,3637.472900390625,-4940.82763671875,-409.28521728515625,-244.77639770507812,10321.9345703125,-12276.1728515625,-12168.884765625,-5741.119140625,-1190.50341796875,255.90261840820312,-5835.69189453125,-1447.2008056640625,-468.09515380859375,-7507.80126953125,4037.221435546875,1401.1064453125,1351.8333740234375,-5281.7666015625,1058.5784912109375,0.0,-3024.737060546875,0.0,-2083.7783203125,-0.0,-629.425048828125
-11899.4716796875,-9894.37109375,-3599.325927734375,2332.5283203125,3329.117919921875,21127.06640625,-1655.419677734375,3467.40087890625,-2721.945556640625,4563.33154296875,-7267.79296875,-4693.6669921875,-4845.46044921875,3535.74755859375,1179.377197265625,-3403.02783203125,98.54634857177734,3870.328125,5239.6455078125,17038.98046875,3524.621337890625,13151.1689453125,2359.54931640625,16756.05859375,-5129.97314453125,-5159.3779296875,-3162.22509765625,-977.5161743164062,-6168.68359375,1575.94677734375,6643.13671875,7608.73193359375,4149.2783203125,5652.904296875,1047.4522705078125,6540.61669921875,-267.82354736328125,20359.357421875,-1455.9427490234375,-0.0,-1250.90283203125,9594.7578125,-1436.0745849609375,488.7580871582031,2242.72412109375,9471.576171875,-5053.67919921875,3639.85693359375,-4930.49609375,-412.4641418457031,-254.31314086914062,10305.2451171875,-12241.2041015625,-12164.1162109375,-5732.37744140625,-1188.9139404296875,257.4920654296875,-5853.17626953125,-1452.763916015625,-468.8898620605469,-7510.18505859375,4027.6845703125,1389.9803466796875,1342.296630859375,-5276.998046875,1047.4522705078125,0.0,-3019.173828125,0.0,-2073.447021484375,-0.0,-633.398681640625
-11885.166015625,-9874.5029296875,-3585.020751953125,2341.2705078125,3313.2236328125,21134.21875,-1656.21435546875,3472.169189453125,-2717.9716796875,4576.841796875,-7206.5986328125,-4680.95166015625,-4837.51318359375,3545.2841796875,1187.324462890625,-3397.46484375,105.69890594482422,3872.71240234375,5242.82470703125,17049.3125,3529.3896484375,13155.142578125,2353.986083984375,16761.62109375,-5118.05224609375,-5155.40478515625,-3143.9462890625,-970.3636474609375,-6149.60986328125,1587.86767578125,6648.69921875,7618.2685546875,4158.02001953125,5657.6728515625,1042.6839599609375,6546.17919921875,-269.4129943847656,20364.919921875,-1432.8956298828125,-0.0,-1240.5714111328125,9598.732421875,-1459.91650390625,493.5264587402344,2245.903076171875,9478.728515625,-5034.60546875,3649.393798828125,-4894.7333984375,-397.3642883300781,-245.57113647460938,10310.013671875,-12207.8251953125,-12145.0419921875,-5710.919921875,-1176.9930419921875,262.26043701171875,-5839.666015625,-1465.4794921875,-461.7373046875,-7495.8798828125,4028.47900390625,1396.338134765625,1352.6280517578125,-5266.66650390625,1064.1416015625,0.0,-3006.458251953125,0.0,-2061.526123046875,-0.0,-622.2724609375
-11872.451171875,-9882.4501953125,-3587.405029296875,2328.554931640625,3319.581298828125,21130.244140625,-1662.572265625,3465.8115234375,-2734.6611328125,4558.5634765625,-7206.5986328125,-4692.87255859375,-4857.38134765625,3519.05810546875,1182.55615234375,-3405.411865234375,99.34107208251953,3864.76513671875,5233.28759765625,17034.212890625,3527.00537109375,13148.7841796875,2351.601806640625,16754.46875,-5114.87353515625,-5153.0205078125,-3146.33056640625,-972.747802734375,-6138.4833984375,1578.3310546875,6642.341796875,7615.88427734375,4154.04638671875,5648.13623046875,1041.88916015625,6539.82177734375,-276.5655517578125,20356.974609375,-1444.0218505859375,-0.0,-1235.802978515625,9593.9638671875,-1454.353271484375,489.55279541015625,2235.571533203125,9468.396484375,-5042.552734375,3636.677978515625,-4912.2177734375,-402.9273986816406,-251.928955078125,10306.041015625,-12233.2568359375,-12145.0419921875,-5701.38330078125,-1186.52978515625,250.33950805664062,-5857.9443359375,-1479.78466796875,-480.0160827636719,-7501.443359375,4020.5322265625,1386.0067138671875,1334.3492431640625,-5284.150390625,1060.962646484375,0.0,-3025.53173828125,0.0,-2084.572998046875,-0.0,-642.9354248046875
-11898.6767578125,-9888.80859375,-3604.09423828125,2319.812744140625,3319.581298828125,21129.44921875,-1659.393310546875,3472.169189453125,-2734.6611328125,4557.7685546875,-7255.8720703125,-4700.02490234375,-4858.970703125,3521.4423828125,1191.298095703125,-3395.08056640625,92.98324584960938,3862.380859375,5236.466796875,17035.802734375,3519.05810546875,13146.400390625,2353.19140625,16753.673828125,-5122.02587890625,-5140.3046875,-3141.562255859375,-966.3899536132812,-6150.404296875,1571.178466796875,6638.3681640625,7611.11572265625,4146.89404296875,5644.16259765625,1041.094482421875,6536.642578125,-274.9761047363281,20360.150390625,-1459.1217041015625,-0.0,-1243.750244140625,9592.3740234375,-1446.406005859375,490.3475646972656,2235.571533203125,9476.34375,-5059.2421875,3627.93603515625,-4922.548828125,-416.4377746582031,-243.18695068359375,10314.7822265625,-12276.966796875,-12144.248046875,-5713.30419921875,-1202.4244384765625,257.4920654296875,-5867.4814453125,-1478.1951904296875,-475.2477111816406,-7512.5693359375,4021.32666015625,1387.59619140625,1334.3492431640625,-5282.56103515625,1056.989013671875,0.0,-3034.27392578125,0.0,-2091.7255859375,-0.0,-642.1406860351562
-11967.818359375,-9930.9287109375,-3637.472900390625,2297.560546875,3289.3818359375,21103.224609375,-1676.0826416015625,3453.095703125,-2747.376708984375,4549.8212890625,-7302.76123046875,-4721.48291015625,-4866.91796875,3507.931884765625,1196.861328125,-3409.3857421875,65.1677474975586,3840.128662109375,5219.77734375,17023.8828125,3488.063720703125,13122.55859375,2331.733642578125,16733.01171875,-5165.73583984375,-5156.19921875,-3156.662109375,-994.2054443359375,-6178.22021484375,1544.1575927734375,6613.7314453125,7576.9423828125,4115.1044921875,5618.73095703125,1015.6631469726562,6515.97998046875,-288.4864807128906,20341.078125,-1499.65283203125,-0.0,-1290.6392822265625,9570.916015625,-1464.684814453125,465.7109680175781,2223.650634765625,9462.0390625,-5091.03173828125,3606.478515625,-4955.92724609375,-445.0480041503906,-237.6238555908203,10292.5302734375,-12315.9091796875,-12171.2685546875,-5742.70849609375,-1248.5185546875,257.4920654296875,-5862.712890625,-1478.1951904296875,-484.7844543457031,-7545.1533203125,4003.0478515625,1376.469970703125,1315.2757568359375,-5283.35546875,1045.068115234375,0.0,-3046.19482421875,0.0,-2098.08349609375,-0.0,-652.47216796875
-11977.35546875,-9959.5380859375,-3643.83056640625,2288.818359375,3279.844970703125,21089.712890625,-1688.79833984375,3443.558837890625,-2760.092529296875,4543.46337890625,-7308.32421875,-4731.81396484375,-4866.91796875,3490.447998046875,1161.0985107421875,-3418.127685546875,53.2468147277832,3826.6181640625,5206.26708984375,17012.75390625,3477.732421875,13109.0478515625,2319.01806640625,16721.8828125,-5164.94140625,-5186.39892578125,-3178.914306640625,-1007.7158203125,-6191.73046875,1537.7998046875,6600.22119140625,7563.43212890625,4103.18359375,5609.1943359375,1004.5369873046875,6504.05859375,-304.38104248046875,20330.748046875,-1525.0841064453125,-0.0,-1300.970703125,9558.9951171875,-1478.989990234375,454.5847473144531,2208.55078125,9450.912109375,-5083.083984375,3594.5576171875,-4975.7958984375,-457.763671875,-272.5919189453125,10283.7880859375,-12338.1611328125,-12192.7265625,-5755.42431640625,-1257.2606201171875,240.00804138183594,-5865.09716796875,-1487.73193359375,-506.2420959472656,-7553.1005859375,3989.53759765625,1365.34375,1296.9970703125,-5297.66064453125,1024.4051513671875,0.0,-3034.27392578125,0.0,-2090.930908203125,-0.0,-653.2669067382812
-11954.3076171875,-9946.0283203125,-3600.915283203125,2299.149658203125,3301.302734375,21111.169921875,-1678.466796875,3462.63232421875,-2744.992431640625,4553.0,-7274.15087890625,-4711.94580078125,-4888.3759765625,3506.342529296875,1138.0513916015625,-3401.4384765625,77.8833999633789,3845.691650390625,5221.36669921875,17023.0859375,3505.5478515625,13129.7109375,2334.91259765625,16740.1640625,-5132.35693359375,-5180.8359375,-3178.914306640625,-984.668701171875,-6170.27294921875,1553.6943359375,6622.47314453125,7588.86328125,4134.17822265625,5629.857421875,1025.99462890625,6523.92724609375,-294.0495910644531,20349.025390625,-1480.579345703125,-0.0,-1261.2342529296875,9573.30078125,-1466.2742919921875,476.04241943359375,2218.08740234375,9467.6015625,-5044.93701171875,3604.09423828125,-4964.669921875,-425.9745178222656,-294.0495910644531,10304.451171875,-12338.9560546875,-12180.8056640625,-5733.171875,-1223.0872802734375,216.1661834716797,-5848.40771484375,-1482.1688232421875,-487.16864013671875,-7545.9482421875,4007.81640625,1377.2646484375,1300.176025390625,-5317.529296875,1044.2734375,0.0,-3042.22119140625,0.0,-2096.493896484375,-0.0,-656.44580078125
-11951.12890625,-9958.744140625,-3610.451904296875,2298.35498046875,3286.20263671875,21104.8125,-1688.79833984375,3453.095703125,-2754.529296875,4541.0791015625,-7282.09814453125,-4732.60888671875,-4906.654296875,3496.805908203125,1144.4091796875,-3401.4384765625,66.7572021484375,3838.5390625,5210.24072265625,17009.576171875,3494.421630859375,13121.7646484375,2322.99169921875,16731.419921875,-5164.94140625,-5176.0673828125,-3186.86181640625,-992.6160278320312,-6175.041015625,1537.005126953125,6612.14208984375,7578.53173828125,4124.6416015625,5617.9365234375,1012.4841918945312,6512.00634765625,-301.9968566894531,20338.693359375,-1478.989990234375,-0.0,-1275.5394287109375,9565.353515625,-1478.1951904296875,467.3004150390625,2207.756103515625,9458.0654296875,-5066.39501953125,3606.478515625,-4979.76904296875,-428.35870361328125,-290.075927734375,10297.298828125,-12324.650390625,-12191.931640625,-5738.7353515625,-1222.2926025390625,220.93455505371094,-5866.6865234375,-1490.1160888671875,-491.14227294921875,-7565.81640625,3996.690185546875,1366.9332275390625,1288.255126953125,-5315.939453125,1022.815673828125,0.0,-3062.884033203125,0.0,-2108.414794921875,-0.0,-673.9298706054688
-11932.0556640625,-9989.73828125,-3668.46728515625,2279.28173828125,3259.9765625,21091.302734375,-1706.2822265625,3438.79052734375,-2778.37109375,4529.158203125,-7268.58740234375,-4754.06640625,-4914.6015625,3459.45361328125,1140.435546875,-3412.564453125,40.531158447265625,3817.08154296875,5194.34619140625,16992.091796875,3462.63232421875,13101.8955078125,2303.12353515625,16713.9375,-5202.29345703125,-5187.193359375,-3194.80908203125,-1004.5369873046875,-6169.47802734375,1512.3685302734375,6589.0947265625,7558.6640625,4091.2626953125,5595.68408203125,987.0529174804688,6495.31689453125,-317.8914489746094,20322.798828125,-1506.805419921875,-0.0,-1326.402099609375,9550.25390625,-1496.473876953125,453.7900390625,2187.887939453125,9444.5546875,-5102.15771484375,3588.994384765625,-4998.04833984375,-440.2796325683594,-292.4601135253906,10285.3779296875,-12306.373046875,-12214.978515625,-5735.55615234375,-1228.650390625,228.8818359375,-5878.607421875,-1509.1895751953125,-505.4473876953125,-7580.12158203125,3980.0009765625,1350.243896484375,1281.1025390625,-5311.1708984375,996.5896606445312,0.0,-3063.6787109375,0.0,-2113.97802734375,-0.0,-677.1087646484375
-11924.9033203125,-9975.43359375,-3665.288330078125,2272.129150390625,3265.539794921875,21088.91796875,-1695.1561279296875,3445.1484375,-2764.86083984375,4555.38427734375,-7274.94580078125,-4741.3505859375,-4902.6806640625,3472.169189453125,1162.6878662109375,-3409.3857421875,43.7100715637207,3821.849853515625,5202.29345703125,17016.728515625,3467.40087890625,13103.4853515625,2311.07080078125,16718.70703125,-5203.8828125,-5203.08837890625,-3178.914306640625,-1002.1527709960938,-6162.3251953125,1518.726318359375,6589.8896484375,7560.2529296875,4092.85205078125,5599.65771484375,993.4107055664062,6498.49560546875,-309.1494140625,20330.748046875,-1498.0634765625,-0.0,-1320.8388671875,9547.07421875,-1487.73193359375,454.5847473144531,2202.193115234375,9458.859375,-5100.568359375,3581.047119140625,-4992.48486328125,-446.6374816894531,-273.3866271972656,10290.9404296875,-12291.2724609375,-12214.18359375,-5727.609375,-1227.0609130859375,250.33950805664062,-5867.4814453125,-1501.2423095703125,-484.7844543457031,-7573.76318359375,3987.153564453125,1362.95947265625,1306.5338134765625,-5294.48193359375,1014.07373046875,0.0,-3042.22119140625,0.0,-2087.752197265625,-0.0,-654.0616455078125
-11956.69140625,-9961.1279296875,-3654.956787109375,2272.129150390625,3269.513427734375,21080.17578125,-1691.1824951171875,3435.61181640625,-2752.14501953125,4551.41064453125,-7305.93994140625,-4739.76123046875,-4885.99169921875,3496.010986328125,1170.63525390625,-3438.79052734375,38.14697265625,3818.6708984375,5202.29345703125,17025.470703125,3465.0166015625,13097.126953125,2311.07080078125,16712.34765625,-5199.9091796875,-5203.8828125,-3175.7353515625,-1014.868408203125,-6178.22021484375,1519.5211181640625,6585.12109375,7549.92138671875,4092.0576171875,5592.5048828125,993.4107055664062,6492.1376953125,-307.5599670410156,20327.568359375,-1521.110595703125,-0.0,-1314.4810791015625,9538.3330078125,-1483.75830078125,445.0480041503906,2210.934814453125,9451.70703125,-5098.18408203125,3581.047119140625,-4990.10107421875,-461.7373046875,-262.26043701171875,10276.634765625,-12307.1669921875,-12212.59375,-5741.119140625,-1234.2135009765625,235.2396697998047,-5887.349609375,-1487.73193359375,-499.8843078613281,-7580.12158203125,3983.1796875,1366.138427734375,1308.91796875,-5311.9658203125,1017.2525634765625,0.0,-3081.16259765625,0.0,-2143.383056640625,-0.0,-681.0823974609375
-11950.333984375,-9922.9814453125,-3613.631103515625,2311.07080078125,3312.4287109375,21116.734375,-1659.393310546875,3471.37451171875,-2720.35595703125,4581.6103515625,-7301.96630859375,-4711.1513671875,-4869.30224609375,3530.979248046875,1185.735107421875,-3402.233154296875,72.32030487060547,3855.228515625,5236.466796875,17056.46484375,3503.95849609375,13132.8896484375,2346.038818359375,16747.31640625,-5133.15185546875,-5165.73583984375,-3148.71484375,-976.721435546875,-6185.373046875,1556.07861328125,6622.47314453125,7583.30029296875,4129.40966796875,5627.47314453125,1029.1734619140625,6527.90087890625,-274.1813659667969,20360.947265625,-1481.3741455078125,-0.0,-1266.79736328125,9578.068359375,-1448.7901611328125,482.4002685546875,2241.92919921875,9484.291015625,-5054.4736328125,3617.6044921875,-4951.1591796875,-422.7956237792969,-247.955322265625,10310.8095703125,-12291.2724609375,-12176.037109375,-5747.47705078125,-1208.7822265625,237.6238555908203,-5862.712890625,-1459.1217041015625,-465.7109680175781,-7543.56396484375,4014.96875,1399.51708984375,1324.8125,-5310.37646484375,1053.015380859375,0.0,-3041.426513671875,0.0,-2096.493896484375,-0.0,-657.2405395507812
-11949.5390625,-9932.517578125,-3590.583740234375,2331.733642578125,3337.0654296875,21137.396484375,-1639.5250244140625,3484.090087890625,-2710.024658203125,4576.04736328125,-7243.951171875,-4703.20361328125,-4838.3076171875,3531.77392578125,1207.9874267578125,-3380.775390625,91.39379119873047,3872.71240234375,5252.361328125,17053.28515625,3526.210693359375,13151.962890625,2366.701904296875,16765.59375,-5100.568359375,-5141.099609375,-3124.872802734375,-956.8532104492188,-6171.8623046875,1574.357421875,6642.341796875,7601.5791015625,4148.4833984375,5648.93115234375,1052.220703125,6547.76904296875,-254.31314086914062,20375.251953125,-1463.89013671875,-0.0,-1239.776611328125,9601.91015625,-1426.537841796875,499.8843078613281,2257.029296875,9491.443359375,-5024.2744140625,3639.85693359375,-4919.3701171875,-402.1326599121094,-228.0871124267578,10324.3193359375,-12314.3193359375,-12159.34765625,-5732.37744140625,-1192.8876953125,272.5919189453125,-5835.69189453125,-1444.816650390625,-464.9162292480469,-7533.232421875,4034.04248046875,1411.43798828125,1326.402099609375,-5309.58154296875,1066.5257568359375,0.0,-3023.942138671875,0.0,-2077.42041015625,-0.0,-642.9354248046875
-11965.43359375,-9951.591796875,-3595.35205078125,2326.96533203125,3339.44970703125,21138.986328125,-1645.8829345703125,3481.705810546875,-2725.124267578125,4568.10009765625,-7236.798828125,-4699.22998046875,-4850.22900390625,3524.621337890625,1202.4244384765625,-3368.8544921875,88.21487426757812,3869.533447265625,5249.18212890625,17040.5703125,3522.237060546875,13149.5791015625,2363.522705078125,16763.2109375,-5089.44189453125,-5129.97314453125,-3131.230712890625,-952.0848388671875,-6161.53076171875,1550.5155029296875,6637.5732421875,7596.81103515625,4145.30419921875,5644.16259765625,1053.015380859375,6545.384765625,-259.0815124511719,20372.072265625,-1458.326904296875,-0.0,-1237.3924560546875,9604.294921875,-1428.9219970703125,499.8843078613281,2249.876708984375,9485.0859375,-5044.14208984375,3635.088623046875,-4924.138671875,-404.516845703125,-232.85548400878906,10329.0869140625,-12338.9560546875,-12193.5205078125,-5722.8408203125,-1194.47705078125,271.79718017578125,-5844.43408203125,-1457.5322265625,-472.863525390625,-7546.74267578125,4032.453125,1405.8748779296875,1327.19677734375,-5330.24462890625,1057.78369140625,0.0,-3026.326416015625,0.0,-2081.394287109375,-0.0,-638.9617919921875
-11940.796875,-9946.0283203125,-3594.5576171875,2347.62841796875,3341.0390625,21150.908203125,-1629.193603515625,3497.6005859375,-2713.203369140625,4583.99462890625,-7278.12451171875,-4675.38818359375,-4828.77099609375,3538.92626953125,1228.650390625,-3341.833740234375,102.51998901367188,3883.838623046875,5265.87158203125,17055.669921875,3530.979248046875,13163.08984375,2377.827880859375,16777.515625,-5122.8203125,-5114.87353515625,-3112.951904296875,-940.1639404296875,-6153.58349609375,1557.6680908203125,6649.494140625,7608.73193359375,4154.04638671875,5656.08349609375,1060.16796875,6558.10009765625,-243.98167419433594,20387.96875,-1462.3006591796875,-0.0,-1244.544921875,9617.8056640625,-1417.0010986328125,513.3946533203125,2266.56591796875,9500.98046875,-5056.85791015625,3656.54638671875,-4930.49609375,-387.0328369140625,-205.83470153808594,10345.7763671875,-12298.4248046875,-12184.779296875,-5717.27734375,-1171.429931640625,284.5128479003906,-5806.287109375,-1436.8692626953125,-457.763671875,-7534.82177734375,4045.96337890625,1419.38525390625,1356.6016845703125,-5262.69287109375,1077.6519775390625,0.0,-3015.9951171875,0.0,-2076.625732421875,-0.0,-616.7094116210938
-11946.3603515625,-9961.9228515625,-3604.09423828125,2353.19140625,3332.297119140625,21150.111328125,-1626.8094482421875,3491.24267578125,-2716.38232421875,4566.5107421875,-7286.07177734375,-4680.95166015625,-4820.02880859375,3531.77392578125,1236.59765625,-3368.059814453125,104.10944366455078,3885.42822265625,5265.87158203125,17048.517578125,3527.00537109375,13165.4736328125,2377.827880859375,16775.92578125,-5142.68896484375,-5094.2099609375,-3107.388671875,-952.8795776367188,-6124.17822265625,1575.94677734375,6650.2890625,7610.3212890625,4151.662109375,5662.44140625,1058.5784912109375,6558.89501953125,-242.39222717285156,20385.583984375,-1448.7901611328125,-0.0,-1255.671142578125,9624.9580078125,-1415.41162109375,507.036865234375,2266.56591796875,9495.41796875,-5059.2421875,3661.314697265625,-4936.85400390625,-387.0328369140625,-197.88742065429688,10334.6513671875,-12299.2197265625,-12183.9833984375,-5684.69384765625,-1176.1983642578125,290.075927734375,-5811.0556640625,-1439.25341796875,-468.8898620605469,-7536.4111328125,4045.96337890625,1417.0010986328125,1351.03857421875,-5239.6455078125,1080.8309326171875,0.0,-3019.96875,0.0,-2086.957275390625,-0.0,-630.2197875976562
-11945.5654296875,-9946.8232421875,-3592.968017578125,2335.70751953125,3341.833740234375,21151.701171875,-1622.0411376953125,3498.395263671875,-2713.998046875,4563.33154296875,-7270.9716796875,-4679.36181640625,-4848.63916015625,3548.463134765625,1223.882080078125,-3371.23876953125,104.9041748046875,3890.9912109375,5269.845703125,17042.16015625,3532.568603515625,13169.4482421875,2385.775390625,16781.48828125,-5135.5361328125,-5109.31005859375,-3108.978271484375,-951.2901611328125,-6121.79443359375,1591.046630859375,6656.646484375,7611.91015625,4157.22509765625,5664.8251953125,1064.936279296875,6562.86865234375,-237.6238555908203,20391.146484375,-1474.2215576171875,-0.0,-1244.544921875,9626.5478515625,-1403.49072265625,508.62628173828125,2268.9501953125,9502.5703125,-5042.552734375,3639.85693359375,-4972.61669921875,-405.31158447265625,-208.21888732910156,10343.392578125,-12304.783203125,-12180.8056640625,-5685.48828125,-1188.9139404296875,261.4656982421875,-5812.64501953125,-1438.458740234375,-472.863525390625,-7526.87451171875,4051.526611328125,1420.179931640625,1340.7071533203125,-5276.203125,1093.5465087890625,0.0,-3001.68994140625,0.0,-2075.8310546875,-0.0,-633.398681640625
-11926.4921875,-9922.1865234375,-3592.17333984375,2328.554931640625,3352.9599609375,21152.49609375,-1616.47802734375,3496.010986328125,-2702.0771484375,4575.25244140625,-7267.79296875,-4683.3359375,-4856.58642578125,3558.794677734375,1222.2926025390625,-3364.880859375,102.51998901367188,3892.580810546875,5274.61376953125,17054.080078125,3534.157958984375,13167.8583984375,2392.133056640625,16782.283203125,-5134.7412109375,-5111.6943359375,-3106.593994140625,-950.4954223632812,-6151.19921875,1582.3045654296875,6657.44140625,7613.5,4157.22509765625,5662.44140625,1068.9100341796875,6563.66357421875,-231.26602172851562,20391.146484375,-1480.579345703125,-0.0,-1237.3924560546875,9623.3681640625,-1390.7750244140625,509.4210510253906,2273.718505859375,9497.0068359375,-5020.30029296875,3634.293701171875,-4980.56396484375,-406.9010314941406,-209.808349609375,10339.4189453125,-12284.119140625,-12176.8310546875,-5714.8935546875,-1215.934814453125,255.90261840820312,-5804.69775390625,-1443.2271728515625,-470.4793395996094,-7516.54296875,4054.705078125,1425.7431640625,1349.44921875,-5300.83984375,1090.36767578125,0.0,-3010.431884765625,0.0,-2075.036376953125,-0.0,-626.2461547851562
-11920.134765625,-9934.107421875,-3627.93603515625,2305.507568359375,3315.607666015625,21108.78515625,-1649.8565673828125,3452.301025390625,-2725.9189453125,4554.58984375,-7284.482421875,-4723.86669921875,-4905.06494140625,3541.310546875,1169.8404541015625,-3418.92236328125,71.52557373046875,3856.023193359375,5243.61962890625,17032.623046875,3503.95849609375,13129.7109375,2357.959716796875,16745.7265625,-5156.99365234375,-5168.9150390625,-3164.609130859375,-998.973876953125,-6187.7568359375,1536.21044921875,6622.47314453125,7586.47900390625,4123.8466796875,5625.8837890625,1036.3260498046875,6527.10595703125,-265.4393615722656,20355.3828125,-1513.9580078125,-0.0,-1269.181640625,9574.890625,-1418.590576171875,468.09515380859375,2242.72412109375,9458.0654296875,-5075.931640625,3613.631103515625,-4994.07421875,-437.1007385253906,-262.26043701171875,10287.76171875,-12292.0673828125,-12203.8525390625,-5751.451171875,-1232.6240234375,228.8818359375,-5856.35498046875,-1466.2742919921875,-492.73175048828125,-7541.1796875,4021.32666015625,1396.338134765625,1322.4283447265625,-5308.787109375,1037.120849609375,0.0,-3031.8896484375,0.0,-2095.69921875,-0.0,-650.0880126953125
-11960.666015625,-9959.5380859375,-3652.57275390625,2287.228759765625,3280.6396484375,21088.123046875,-1674.4931640625,3430.84326171875,-2748.171630859375,4533.92626953125,-7303.55615234375,-4735.7880859375,-4897.91259765625,3506.342529296875,1161.0985107421875,-3442.76416015625,51.6573600769043,3835.3603515625,5220.57177734375,17007.986328125,3480.11669921875,13109.0478515625,2331.733642578125,16724.267578125,-5164.94140625,-5203.08837890625,-3185.272216796875,-1015.6631469726562,-6175.041015625,1518.726318359375,6603.39990234375,7570.5849609375,4105.56787109375,5608.39990234375,1012.4841918945312,6505.64794921875,-287.6917419433594,20333.92578125,-1525.0841064453125,-0.0,-1289.844482421875,9553.4326171875,-1457.5322265625,450.6111145019531,2221.2666015625,9438.197265625,-5125.20458984375,3596.941650390625,-4965.46435546875,-453.7900390625,-274.1813659667969,10267.0986328125,-12323.0615234375,-12215.7734375,-5738.7353515625,-1214.3453369140625,232.85548400878906,-5886.5546875,-1486.1424560546875,-509.4210510253906,-7568.9951171875,3999.074462890625,1373.291015625,1296.2022705078125,-5288.9189453125,1016.4578857421875,0.0,-3057.32080078125,0.0,-2117.95166015625,-0.0,-673.1351318359375
-11964.638671875,-9943.64453125,-3635.88330078125,2318.22314453125,3289.3818359375,21111.169921875,-1668.9300537109375,3454.685302734375,-2737.04541015625,4556.97412109375,-7244.74560546875,-4707.97216796875,-4873.27587890625,3522.237060546875,1152.3564453125,-3414.154052734375,75.49921417236328,3855.228515625,5234.876953125,17028.650390625,3497.6005859375,13135.2744140625,2339.680908203125,16745.7265625,-5160.96728515625,-5180.8359375,-3164.609130859375,-989.4371337890625,-6154.37841796875,1560.05224609375,6624.857421875,7593.6318359375,4126.23095703125,5633.8310546875,1024.4051513671875,6529.490234375,-282.128662109375,20353.794921875,-1482.1688232421875,-0.0,-1280.3077392578125,9578.068359375,-1475.81103515625,474.4529724121094,2229.213623046875,9460.44921875,-5103.7470703125,3626.3466796875,-4926.52294921875,-433.92181396484375,-279.7444763183594,10292.5302734375,-12283.3251953125,-12180.8056640625,-5716.482421875,-1184.1456298828125,238.4185791015625,-5856.35498046875,-1494.884521484375,-484.7844543457031,-7567.40576171875,4014.96875,1388.390869140625,1324.8125,-5266.66650390625,1049.8365478515625,0.0,-3035.86328125,0.0,-2100.4677734375,-0.0,-650.8826904296875
-11943.9765625,-9936.4921875,-3637.472900390625,2325.375732421875,3304.4814453125,21120.70703125,-1653.0355224609375,3466.606201171875,-2721.150634765625,4572.0732421875,-7212.162109375,-4705.587890625,-4873.27587890625,3543.69482421875,1167.456298828125,-3410.97509765625,81.06231689453125,3866.354736328125,5248.3876953125,17044.544921875,3505.5478515625,13142.4267578125,2356.3701171875,16757.646484375,-5163.3515625,-5171.298828125,-3147.919921875,-979.1055908203125,-6154.37841796875,1577.5362548828125,6633.599609375,7592.8369140625,4130.20458984375,5640.1884765625,1037.91552734375,6541.4111328125,-267.82354736328125,20365.71484375,-1478.1951904296875,-0.0,-1274.74462890625,9582.8369140625,-1452.763916015625,485.57916259765625,2244.3134765625,9473.1650390625,-5083.083984375,3632.70458984375,-4935.2646484375,-417.2325134277344,-265.4393615722656,10305.2451171875,-12265.841796875,-12168.08984375,-5715.68798828125,-1200.8348388671875,243.18695068359375,-5844.43408203125,-1474.2215576171875,-477.63189697265625,-7568.20068359375,4027.6845703125,1400.311767578125,1344.6807861328125,-5264.2822265625,1056.1943359375,0.0,-3021.55810546875,0.0,-2089.34130859375,-0.0,-639.7565307617188
-11935.234375,-9936.4921875,-3631.90966796875,2311.07080078125,3315.607666015625,21120.70703125,-1645.088134765625,3471.37451171875,-2710.024658203125,4575.25244140625,-7212.162109375,-4704.79345703125,-4880.42822265625,3554.821044921875,1184.1456298828125,-3407.00146484375,76.2939453125,3867.944091796875,5252.361328125,17054.080078125,3509.521484375,13139.248046875,2361.933349609375,16757.646484375,-5149.84130859375,-5168.1201171875,-3135.204345703125,-979.1055908203125,-6153.58349609375,1571.178466796875,6631.21533203125,7584.09521484375,4129.40966796875,5633.0361328125,1041.88916015625,6540.61669921875,-259.0815124511719,20368.89453125,-1484.552978515625,-0.0,-1266.002685546875,9578.068359375,-1437.6640625,484.7844543457031,2253.850341796875,9477.138671875,-5065.60009765625,3619.194091796875,-4933.67529296875,-422.7956237792969,-250.33950805664062,10307.6298828125,-12276.966796875,-12168.884765625,-5715.68798828125,-1207.9874267578125,247.955322265625,-5846.818359375,-1459.91650390625,-478.4266052246094,-7565.021484375,4030.86328125,1405.0802001953125,1337.5281982421875,-5276.998046875,1045.86279296875,0.0,-3033.47900390625,0.0,-2092.5205078125,-0.0,-630.2197875976562
-11951.12890625,-9947.6171875,-3638.267578125,2291.997314453125,3310.04443359375,21111.96484375,-1650.6513671875,3465.0166015625,-2713.998046875,4574.45751953125,-7239.9775390625,-4712.740234375,-4878.0439453125,3547.66845703125,1188.1192626953125,-3407.00146484375,63.578285217285156,3858.4072265625,5246.00341796875,17046.927734375,3499.98486328125,13128.12109375,2356.3701171875,16749.701171875,-5154.60986328125,-5176.8623046875,-3130.43603515625,-986.2581787109375,-6172.6572265625,1552.899658203125,6620.8837890625,7571.37939453125,4118.28369140625,5621.115234375,1033.147216796875,6531.07958984375,-263.8498840332031,20363.330078125,-1502.831787109375,-0.0,-1274.74462890625,9569.3271484375,-1441.6376953125,476.837158203125,2248.287109375,9472.3701171875,-5075.13671875,3598.531005859375,-4941.6220703125,-431.5376281738281,-246.36587524414062,10304.451171875,-12291.2724609375,-12181.599609375,-5733.171875,-1196.861328125,251.928955078125,-5860.32861328125,-1462.3006591796875,-480.0160827636719,-7576.1474609375,4022.916259765625,1398.7222900390625,1305.739013671875,-5304.8134765625,1037.120849609375,0.0,-3046.989501953125,0.0,-2094.10986328125,-0.0,-638.9617919921875
-11951.12890625,-9953.181640625,-3632.70458984375,2291.997314453125,3319.581298828125,21115.14453125,-1648.26708984375,3466.606201171875,-2724.32958984375,4573.6630859375,-7243.951171875,-4712.740234375,-4857.38134765625,3533.36328125,1191.298095703125,-3398.259521484375,65.1677474975586,3861.58642578125,5246.00341796875,17038.1875,3502.368896484375,13133.685546875,2358.75439453125,16752.87890625,-5143.4833984375,-5176.8623046875,-3124.872802734375,-978.3109130859375,-6198.8828125,1553.6943359375,6624.06298828125,7572.173828125,4123.05224609375,5623.49951171875,1036.3260498046875,6532.6689453125,-263.8498840332031,20363.330078125,-1502.831787109375,-0.0,-1267.592041015625,9570.916015625,-1435.27978515625,482.4002685546875,2244.3134765625,9472.3701171875,-5064.8056640625,3600.12060546875,-4948.77490234375,-422.7956237792969,-243.98167419433594,10307.6298828125,-12280.146484375,-12187.9580078125,-5759.39794921875,-1187.324462890625,255.90261840820312,-5845.228515625,-1467.8636474609375,-469.6846008300781,-7573.76318359375,4024.505615234375,1396.338134765625,1294.6129150390625,-5336.6025390625,1040.2998046875,0.0,-3039.042236328125,0.0,-2084.572998046875,-0.0,-658.8300170898438
-11959.8701171875,-9984.17578125,-3625.552001953125,2293.586669921875,3325.939208984375,21114.349609375,-1649.8565673828125,3463.42724609375,-2723.534912109375,4563.33154296875,-7262.22998046875,-4710.3564453125,-4866.123046875,3544.489501953125,1188.9139404296875,-3395.08056640625,65.96247100830078,3863.175537109375,5246.00341796875,17035.0078125,3503.95849609375,13132.8896484375,2361.138671875,16752.87890625,-5147.45703125,-5178.45166015625,-3132.820068359375,-979.1055908203125,-6171.06787109375,1547.3365478515625,6624.857421875,7569.7900390625,4123.05224609375,5624.29443359375,1038.710205078125,6531.8740234375,-262.26043701171875,20361.7421875,-1512.3685302734375,-0.0,-1262.82373046875,9569.3271484375,-1430.511474609375,480.810791015625,2245.1083984375,9467.6015625,-5057.65283203125,3603.29931640625,-5003.611328125,-425.1798095703125,-244.77639770507812,10304.451171875,-12297.6298828125,-12203.8525390625,-5729.9931640625,-1199.2454833984375,239.2133026123047,-5853.17626953125,-1465.4794921875,-479.2213439941406,-7574.55810546875,4026.889892578125,1396.338134765625,1332.7598876953125,-5337.39697265625,1046.6575927734375,0.0,-3030.300048828125,0.0,-2084.572998046875,-0.0,-646.9090576171875
-11999.607421875,-10021.52734375,-3674.824951171875,2272.923828125,3294.150146484375,21092.892578125,-1676.0826416015625,3437.995849609375,-2752.93994140625,4515.64794921875,-7344.0869140625,-4729.4296875,-4900.296875,3519.05810546875,1176.1983642578125,-3414.94873046875,37.35224533081055,3836.94970703125,5217.3935546875,16996.064453125,3470.579833984375,13108.25390625,2334.117919921875,16728.2421875,-5229.314453125,-5195.935546875,-3173.351318359375,-1002.1527709960938,-6186.16748046875,1525.0841064453125,6598.63134765625,7541.974609375,4088.083740234375,5598.068359375,1010.1000366210938,6508.8271484375,-290.075927734375,20336.30859375,-1556.873291015625,-0.0,-1308.91796875,9549.458984375,-1455.9427490234375,456.1742248535156,2218.08740234375,9438.197265625,-5124.41015625,3581.841796875,-5016.3271484375,-449.02166748046875,-259.0815124511719,10282.19921875,-12360.4130859375,-12236.435546875,-5748.27197265625,-1231.03466796875,237.6238555908203,-5877.01806640625,-1482.1688232421875,-526.905029296875,-7604.7578125,4003.0478515625,1366.138427734375,1325.6072998046875,-5300.044921875,1030.7630615234375,0.0,-3052.552490234375,0.0,-2116.3623046875,-0.0,-658.8300170898438
-11998.8125,-9988.9443359375,-3647.009521484375,2295.970947265625,3317.197021484375,21121.501953125,-1655.419677734375,3467.40087890625,-2741.813720703125,4542.6689453125,-7286.86669921875,-4706.3828125,-4886.7861328125,3532.568603515625,1192.8876953125,-3380.775390625,61.19409942626953,3861.58642578125,5239.6455078125,17016.728515625,3495.21630859375,13133.685546875,2357.1650390625,16753.673828125,-5195.935546875,-5166.53076171875,-3154.27783203125,-967.9794311523438,-6170.27294921875,1548.926025390625,6621.6787109375,7564.2265625,4111.92578125,5622.705078125,1033.94189453125,6531.07958984375,-268.6182556152344,20361.7421875,-1538.5946044921875,-0.0,-1285.076171875,9574.890625,-1431.3062744140625,485.57916259765625,2233.1875,9465.2177734375,-5100.568359375,3606.478515625,-4961.49072265625,-424.38507080078125,-243.98167419433594,10315.5771484375,-12361.208984375,-12218.158203125,-5731.58251953125,-1205.603271484375,255.10787963867188,-5849.20263671875,-1473.4267578125,-500.67901611328125,-7590.45263671875,4025.300537109375,1388.390869140625,1348.6544189453125,-5276.203125,1052.220703125,0.0,-3028.710693359375,0.0,-2094.10986328125,-0.0,-634.9881591796875
-11966.228515625,-9917.4189453125,-3565.947265625,2365.1123046875,3363.29150390625,21189.0546875,-1597.404541015625,3544.489501953125,-2678.2353515625,4611.01513671875,-7193.88330078125,-4639.62548828125,-4818.439453125,3604.09423828125,1250.108154296875,-3315.607666015625,127.95130920410156,3923.574951171875,5304.0185546875,17089.84375,3559.58935546875,13199.646484375,2413.590576171875,16821.2265625,-5106.130859375,-5097.38916015625,-3092.2890625,-896.453857421875,-6119.41015625,1614.09375,6686.84619140625,7632.57373046875,4182.65673828125,5691.05126953125,1091.162353515625,6597.0419921875,-209.0136260986328,20432.47265625,-1450.3797607421875,-0.0,-1209.576904296875,9644.03125,-1389.9803466796875,556.3099975585938,2297.560546875,9543.1015625,-5021.09521484375,3672.440673828125,-4868.50732421875,-355.2436828613281,-183.58230590820312,10395.0498046875,-12304.783203125,-12148.220703125,-5679.13037109375,-1134.8724365234375,296.43377685546875,-5776.08740234375,-1421.76953125,-428.35870361328125,-7526.07958984375,4086.494384765625,1455.9427490234375,1410.6431884765625,-5221.36669921875,1121.362060546875,0.0,-2973.07958984375,0.0,-2044.0418701171875,-0.0,-576.9729614257812
-11976.5595703125,-9934.107421875,-3541.310546875,2374.64892578125,3367.264892578125,21196.20703125,-1588.6624755859375,3550.052734375,-2665.519775390625,4626.115234375,-7234.41455078125,-4642.8046875,-4793.00830078125,3610.451904296875,1287.4603271484375,-3303.686767578125,135.10386657714844,3929.13818359375,5311.9658203125,17100.96875,3571.51025390625,13205.2109375,2416.769775390625,16827.583984375,-5062.42138671875,-5091.03173828125,-3071.6259765625,-885.32763671875,-6108.2841796875,1608.5306396484375,6693.9990234375,7637.341796875,4196.9619140625,5695.02490234375,1095.9306640625,6604.19482421875,-201.86106872558594,20438.830078125,-1434.485107421875,-0.0,-1182.55615234375,9651.978515625,-1395.54345703125,562.6678466796875,2311.865478515625,9551.0478515625,-4994.07421875,3681.182861328125,-4835.12890625,-352.06475830078125,-147.02479553222656,10398.228515625,-12296.041015625,-12142.658203125,-5671.18310546875,-1135.667236328125,317.0967102050781,-5757.80859375,-1390.7750244140625,-395.77484130859375,-7522.10595703125,4091.2626953125,1465.4794921875,1413.8221435546875,-5227.724609375,1130.8988037109375,0.0,-2977.84814453125,0.0,-2029.73681640625,-0.0,-570.6151123046875
-11996.4287109375,-9992.123046875,-3589.7890625,2330.93896484375,3325.14453125,21157.265625,-1633.167236328125,3496.010986328125,-2702.8720703125,4601.478515625,-7283.6875,-4690.48828125,-4844.66552734375,3572.304931640625,1213.550537109375,-3364.086181640625,93.7779769897461,3886.222900390625,5268.255859375,17066.001953125,3527.00537109375,13164.6796875,2373.8544921875,16783.873046875,-5114.87353515625,-5111.6943359375,-3131.230712890625,-935.3955688476562,-6139.2783203125,1556.873291015625,6651.08349609375,7596.81103515625,4153.25146484375,5656.08349609375,1055.3995361328125,6563.66357421875,-247.16058349609375,20393.529296875,-1466.2742919921875,-0.0,-1227.855712890625,9622.57421875,-1433.6904296875,517.3682861328125,2268.9501953125,9500.98046875,-5041.75830078125,3635.88330078125,-4920.95947265625,-393.3906555175781,-219.3450927734375,10338.6240234375,-12346.1083984375,-12188.751953125,-5703.76708984375,-1198.45068359375,263.8498840332031,-5829.33447265625,-1422.564208984375,-437.1007385253906,-7561.0478515625,4046.758056640625,1424.1536865234375,1381.23828125,-5265.0771484375,1087.9835205078125,0.0,-2989.76904296875,0.0,-2042.4525146484375,-0.0,-596.0464477539062
-11978.943359375,-9996.0966796875,-3630.3203125,2296.765625,3296.5341796875,21132.626953125,-1661.7774658203125,3474.553466796875,-2719.561279296875,4576.841796875,-7282.892578125,-4702.4091796875,-4872.48095703125,3569.9208984375,1157.9195556640625,-3384.749267578125,71.52557373046875,3861.58642578125,5245.208984375,17046.1328125,3496.805908203125,13141.6318359375,2347.62841796875,16758.44140625,-5146.662109375,-5131.5625,-3164.609130859375,-971.1583251953125,-6152.78857421875,1526.6737060546875,6624.06298828125,7581.7109375,4122.25732421875,5636.21533203125,1028.3787841796875,6539.82177734375,-275.77081298828125,20368.89453125,-1496.473876953125,-0.0,-1271.5657958984375,9601.1162109375,-1460.711181640625,489.55279541015625,2242.72412109375,9483.4970703125,-5067.98388671875,3600.915283203125,-4959.1064453125,-417.2325134277344,-274.9761047363281,10316.3720703125,-12358.8251953125,-12211.7998046875,-5714.8935546875,-1220.703125,224.90818786621094,-5829.33447265625,-1459.1217041015625,-452.99530029296875,-7575.35302734375,4021.32666015625,1403.49072265625,1364.549072265625,-5283.35546875,1062.5521240234375,0.0,-2998.510986328125,0.0,-2059.9365234375,-0.0,-622.2724609375
-11967.0224609375,-9964.306640625,-3621.578125,2311.865478515625,3302.89208984375,21134.21875,-1649.8565673828125,3483.29541015625,-2713.998046875,4580.81591796875,-7275.740234375,-4694.4619140625,-4854.2021484375,3564.357666015625,1190.50341796875,-3368.8544921875,73.90975952148438,3863.970458984375,5251.56640625,17050.90234375,3499.98486328125,13143.2216796875,2356.3701171875,16762.4140625,-5153.0205078125,-5128.3837890625,-3144.740966796875,-962.4163208007812,-6143.251953125,1538.5946044921875,6627.24169921875,7584.8896484375,4126.23095703125,5637.8046875,1033.94189453125,6544.58984375,-264.6446228027344,20375.251953125,-1522.699951171875,-0.0,-1272.3604736328125,9597.9375,-1446.406005859375,495.1159362792969,2250.67138671875,9490.6494140625,-5065.60009765625,3619.98876953125,-4950.36474609375,-410.87469482421875,-243.98167419433594,10327.498046875,-12331.8037109375,-12207.8251953125,-5705.3564453125,-1207.1927490234375,258.28680419921875,-5811.0556640625,-1454.353271484375,-449.8163757324219,-7584.09521484375,4027.6845703125,1410.6431884765625,1363.7542724609375,-5266.66650390625,1068.9100341796875,0.0,-3005.66357421875,0.0,-2058.346923828125,-0.0,-627.0408935546875
-11967.818359375,-9950.001953125,-3627.93603515625,2312.66015625,3305.276123046875,21130.244140625,-1647.472412109375,3484.885009765625,-2713.203369140625,4582.4052734375,-7269.38232421875,-4697.64111328125,-4855.79150390625,3558.794677734375,1208.7822265625,-3361.701904296875,68.3466567993164,3859.996826171875,5252.361328125,17054.080078125,3497.6005859375,13138.453125,2357.959716796875,16761.62109375,-5157.78857421875,-5156.99365234375,-3138.383056640625,-958.4426879882812,-6155.1728515625,1558.4627685546875,6624.857421875,7580.916015625,4123.8466796875,5632.24169921875,1030.7630615234375,6539.82177734375,-260.6709899902344,20377.63671875,-1511.57373046875,-0.0,-1270.77099609375,9588.400390625,-1442.432373046875,495.1159362792969,2253.850341796875,9493.033203125,-5077.52099609375,3620.783447265625,-4955.92724609375,-424.38507080078125,-229.6765594482422,10329.8828125,-12312.7294921875,-12201.46875,-5719.66162109375,-1196.0665283203125,264.6446228027344,-5818.2080078125,-1447.9954833984375,-449.02166748046875,-7588.068359375,4028.47900390625,1413.0274658203125,1362.95947265625,-5273.81884765625,1071.294189453125,0.0,-2998.510986328125,0.0,-2059.141845703125,-0.0,-627.0408935546875
-11939.2080078125,-9937.2861328125,-3619.194091796875,2321.40234375,3324.349609375,21147.728515625,-1627.6041259765625,3502.368896484375,-2702.0771484375,4603.06787109375,-7227.26220703125,-4688.10400390625,-4837.51318359375,3568.33154296875,1243.750244140625,-3342.62841796875,83.44650268554688,3875.891357421875,5269.845703125,17066.796875,3514.289794921875,13153.552734375,2373.8544921875,16778.310546875,-5138.71533203125,-5150.63623046875,-3110.56787109375,-936.9849853515625,-6140.86767578125,1583.8941650390625,6638.3681640625,7595.22119140625,4138.15185546875,5644.16259765625,1047.4522705078125,6553.33203125,-240.80276489257812,20393.529296875,-1468.658447265625,-0.0,-1257.2606201171875,9596.34765625,-1422.564208984375,514.1893920898438,2271.33447265625,9508.927734375,-5055.2685546875,3630.3203125,-4928.11181640625,-393.3906555175781,-193.11904907226562,10349.7509765625,-12269.814453125,-12186.3681640625,-5704.5615234375,-1170.63525390625,299.6126708984375,-5812.64501953125,-1437.6640625,-434.716552734375,-7564.2265625,4045.96337890625,1429.7166748046875,1378.8541259765625,-5265.87158203125,1085.5992431640625,0.0,-2983.4111328125,0.0,-2039.2735595703125,-0.0,-607.9674072265625
-11937.6181640625,-9947.6171875,-3619.194091796875,2320.607421875,3325.939208984375,21136.6015625,-1628.39892578125,3494.421630859375,-2704.46142578125,4599.88916015625,-7222.49365234375,-4691.28271484375,-4833.53955078125,3550.847412109375,1250.108154296875,-3370.444091796875,81.06231689453125,3871.917724609375,5266.66650390625,17063.6171875,3513.4951171875,13149.5791015625,2371.47021484375,16771.951171875,-5133.94677734375,-5151.4306640625,-3106.593994140625,-956.0584716796875,-6132.1259765625,1578.3310546875,6635.98388671875,7592.04248046875,4135.767578125,5641.7783203125,1048.2469482421875,6549.3583984375,-242.39222717285156,20387.171875,-1482.963623046875,-0.0,-1255.671142578125,9589.9892578125,-1421.76953125,503.0632019042969,2271.33447265625,9503.3642578125,-5059.2421875,3631.114990234375,-4921.75439453125,-418.0272521972656,-185.96649169921875,10337.03515625,-12261.8671875,-12195.904296875,-5696.61474609375,-1176.1983642578125,310.7388916015625,-5822.9765625,-1438.458740234375,-439.48492431640625,-7564.2265625,4041.98974609375,1427.33251953125,1371.7015380859375,-5275.408203125,1072.0888671875,0.0,-2981.82177734375,0.0,-2042.4525146484375,-0.0,-615.1199340820312
-11966.228515625,-9975.43359375,-3643.83056640625,2301.533935546875,3303.686767578125,21114.349609375,-1653.8302001953125,3470.579833984375,-2719.561279296875,4578.431640625,-7274.15087890625,-4705.587890625,-4877.2490234375,3542.900146484375,1186.52978515625,-3400.6435546875,57.220458984375,3851.254638671875,5245.208984375,17047.724609375,3492.832275390625,13128.12109375,2346.83349609375,16750.494140625,-5149.04638671875,-5169.70947265625,-3143.9462890625,-983.0792846679688,-6166.29931640625,1558.4627685546875,6616.91064453125,7570.5849609375,4111.92578125,5621.91015625,1025.199951171875,6527.90087890625,-268.6182556152344,20366.509765625,-1507.6002197265625,-0.0,-1275.5394287109375,9572.505859375,-1447.2008056640625,479.2213439941406,2248.287109375,9483.4970703125,-5083.083984375,3611.246826171875,-4948.77490234375,-445.0480041503906,-247.955322265625,10312.3984375,-12312.7294921875,-12217.3623046875,-5732.37744140625,-1193.682373046875,245.57113647460938,-5831.71826171875,-1451.1744384765625,-460.9425964355469,-7584.8896484375,4018.9423828125,1407.46435546875,1351.03857421875,-5312.7607421875,1056.1943359375,0.0,-3007.2529296875,0.0,-2079.8046875,-0.0,-637.372314453125
-12013.912109375,-10016.7587890625,-3652.57275390625,2286.43408203125,3283.02392578125,21103.224609375,-1672.1090087890625,3462.63232421875,-2730.6875,4567.30517578125,-7344.88134765625,-4719.89306640625,-4899.501953125,3538.1318359375,1149.177490234375,-3401.4384765625,39.73643112182617,3836.94970703125,5229.314453125,17038.1875,3476.142822265625,13113.81640625,2328.554931640625,16736.984375,-5165.73583984375,-5168.9150390625,-3175.7353515625,-990.2318725585938,-6204.4462890625,1536.21044921875,6599.42626953125,7546.74267578125,4093.64697265625,5604.42578125,1007.7158203125,6515.18505859375,-286.89703369140625,20352.998046875,-1563.2310791015625,-0.0,-1291.4339599609375,9561.3798828125,-1467.8636474609375,467.3004150390625,2230.00830078125,9477.9326171875,-5070.3681640625,3595.35205078125,-4979.76904296875,-440.2796325683594,-284.5128479003906,10306.8349609375,-12373.1298828125,-12234.0517578125,-5768.9345703125,-1220.703125,210.6030731201172,-5838.87109375,-1471.83740234375,-472.863525390625,-7609.5263671875,4003.0478515625,1393.9539794921875,1339.912353515625,-5324.681640625,1041.88916015625,0.0,-3016.789794921875,0.0,-2085.367919921875,-0.0,-648.49853515625
-12025.0390625,-10026.2958984375,-3652.57275390625,2282.46044921875,3288.5869140625,21103.224609375,-1669.724853515625,3468.990234375,-2731.482177734375,4564.12646484375,-7349.64990234375,-4729.4296875,-4923.34375,3533.36328125,1165.0721435546875,-3387.13330078125,40.531158447265625,3840.92333984375,5233.28759765625,17035.802734375,3476.142822265625,13116.2001953125,2332.5283203125,16738.572265625,-5162.55712890625,-5172.09375,-3158.25146484375,-984.668701171875,-6201.26708984375,1539.3892822265625,6601.015625,7548.33203125,4096.03125,5605.220703125,1010.894775390625,6517.56884765625,-282.128662109375,20356.177734375,-1561.6417236328125,-0.0,-1288.255126953125,9562.1748046875,-1460.711181640625,472.06878662109375,2231.597900390625,9479.5224609375,-5092.62109375,3588.19970703125,-4970.232421875,-439.48492431640625,-267.82354736328125,10316.3720703125,-12373.1298828125,-12234.8466796875,-5766.55078125,-1226.2662353515625,221.72927856445312,-5833.3076171875,-1470.2479248046875,-468.8898620605469,-7614.29443359375,4007.021484375,1396.338134765625,1327.991455078125,-5315.939453125,1036.3260498046875,0.0,-3019.96875,0.0,-2088.546875,-0.0,-658.0352783203125
-12034.5751953125,-10035.83203125,-3678.798583984375,2259.41357421875,3272.6923828125,21090.5078125,-1680.8509521484375,3449.916748046875,-2741.813720703125,4556.17919921875,-7303.55615234375,-4744.52978515625,-4944.00634765625,3525.416015625,1158.71435546875,-3403.82275390625,28.6102294921875,3825.823486328125,5218.98291015625,17025.470703125,3458.658935546875,13099.5107421875,2319.01806640625,16722.6796875,-5202.29345703125,-5197.52490234375,-3166.993408203125,-998.1790771484375,-6190.935546875,1528.2630615234375,6585.12109375,7535.6162109375,4080.13671875,5588.53125,995.000244140625,6503.26416015625,-294.84429931640625,20341.078125,-1564.8206787109375,-0.0,-1308.123291015625,9546.2802734375,-1473.4267578125,457.763671875,2222.06103515625,9461.2431640625,-5141.89404296875,3567.53662109375,-4989.30615234375,-449.02166748046875,-276.5655517578125,10297.298828125,-12358.8251953125,-12247.5625,-5753.04052734375,-1228.650390625,215.37144470214844,-5860.32861328125,-1477.400390625,-488.7580871582031,-7637.341796875,3992.71630859375,1382.8277587890625,1316.8653564453125,-5323.091796875,1019.6367797851562,0.0,-3045.39990234375,0.0,-2102.851806640625,-0.0,-669.1614990234375
-12029.806640625,-10039.01171875,-3679.59326171875,2256.234375,3278.25537109375,21088.123046875,-1680.8509521484375,3448.327392578125,-2744.19775390625,4564.9208984375,-7261.43505859375,-4745.32470703125,-4925.72802734375,3527.00537109375,1151.561767578125,-3410.97509765625,21.457672119140625,3821.05517578125,5218.18798828125,17032.623046875,3456.274658203125,13094.7431640625,2318.22314453125,16721.8828125,-5212.625,-5202.29345703125,-3168.5830078125,-998.973876953125,-6212.39306640625,1515.54736328125,6579.55810546875,7531.64306640625,4076.957763671875,5584.55810546875,994.2054443359375,6499.29052734375,-294.84429931640625,20338.693359375,-1550.5155029296875,-0.0,-1312.8916015625,9539.126953125,-1467.8636474609375,456.96893310546875,2222.06103515625,9462.8330078125,-5103.7470703125,3565.15234375,-5036.98974609375,-453.7900390625,-284.5128479003906,10294.1201171875,-12351.671875,-12257.099609375,-5772.90869140625,-1236.59765625,199.4768829345703,-5874.6337890625,-1481.3741455078125,-489.55279541015625,-7644.49462890625,3991.126953125,1382.8277587890625,1324.8125,-5362.82861328125,1018.04736328125,0.0,-3050.963134765625,0.0,-2098.878173828125,-0.0,-659.624755859375
-12012.322265625,-10034.2431640625,-3662.109375,2271.33447265625,3291.765869140625,21102.427734375,-1668.9300537109375,3465.8115234375,-2739.429443359375,4584.7890625,-7278.91943359375,-4733.40380859375,-4893.9384765625,3519.852783203125,1157.1248779296875,-3393.490966796875,30.19968605041504,3833.770751953125,5230.90380859375,17047.724609375,3469.784912109375,13108.25390625,2334.117919921875,16737.779296875,-5214.21435546875,-5189.57763671875,-3165.404052734375,-981.4898071289062,-6192.525390625,1522.699951171875,6591.47900390625,7541.1796875,4087.289306640625,5595.68408203125,1007.7158203125,6512.80078125,-282.128662109375,20352.998046875,-1547.3365478515625,-0.0,-1305.739013671875,9548.6640625,-1445.611328125,472.06878662109375,2231.597900390625,9480.3173828125,-5093.41552734375,3579.45751953125,-5032.22119140625,-448.2269287109375,-278.1549987792969,10309.2197265625,-12359.619140625,-12248.3564453125,-5756.21923828125,-1242.95556640625,215.37144470214844,-5853.97119140625,-1482.1688232421875,-466.50567626953125,-7632.57373046875,4007.021484375,1396.338134765625,1326.402099609375,-5324.681640625,1032.3524169921875,0.0,-3029.50537109375,0.0,-2080.599609375,-0.0,-641.345947265625
-12014.70703125,-10046.1640625,-3689.130126953125,2264.9765625,3268.71875,21098.455078125,-1676.8773193359375,3461.043212890625,-2744.19775390625,4593.53125,-7337.72900390625,-4742.1455078125,-4893.14404296875,3503.95849609375,1157.9195556640625,-3405.411865234375,19.868215560913086,3824.23388671875,5223.7509765625,17052.4921875,3454.685302734375,13101.1005859375,2325.375732421875,16729.83203125,-5234.876953125,-5163.3515625,-3186.86181640625,-987.0529174804688,-6187.7568359375,1506.805419921875,6582.73681640625,7528.4638671875,4073.778564453125,5587.73681640625,995.000244140625,6505.64794921875,-290.075927734375,20347.4375,-1580.7152099609375,-0.0,-1326.402099609375,9550.25390625,-1451.9691162109375,465.7109680175781,2223.650634765625,9478.728515625,-5145.86767578125,3572.304931640625,-5021.09521484375,-463.3267822265625,-278.1549987792969,10304.451171875,-12399.35546875,-12261.8671875,-5753.04052734375,-1273.949951171875,228.0871124267578,-5867.4814453125,-1492.500244140625,-462.53204345703125,-7642.1103515625,3999.074462890625,1391.5697021484375,1325.6072998046875,-5292.09765625,1032.3524169921875,0.0,-3038.247314453125,0.0,-2082.983642578125,-0.0,-639.7565307617188
-12050.4697265625,-10050.1376953125,-3680.38818359375,2257.029296875,3251.23486328125,21094.48046875,-1699.1297607421875,3445.1484375,-2760.092529296875,4577.63671875,-7319.4501953125,-4754.861328125,-4894.7333984375,3491.24267578125,1146.7933349609375,-3420.511962890625,15.894571304321289,3812.31298828125,5205.47265625,17035.802734375,3449.916748046875,13093.9482421875,2303.918212890625,16715.52734375,-5200.7041015625,-5138.71533203125,-3201.166748046875,-1001.3580322265625,-6191.73046875,1469.4532470703125,6575.58447265625,7523.6953125,4071.39453125,5582.96826171875,979.900390625,6496.90625,-311.5335998535156,20332.3359375,-1572.767822265625,-0.0,-1318.4547119140625,9554.2265625,-1492.500244140625,454.5847473144531,2203.7822265625,9462.0390625,-5111.6943359375,3564.357666015625,-4972.61669921875,-472.863525390625,-290.87066650390625,10290.9404296875,-12406.5087890625,-12289.68359375,-5755.42431640625,-1289.0498046875,234.44493103027344,-5892.91259765625,-1507.6002197265625,-476.04241943359375,-7650.05712890625,3982.38525390625,1374.8804931640625,1291.4339599609375,-5307.99267578125,1015.6631469726562,0.0,-3059.705078125,0.0,-2107.6201171875,-0.0,-677.9035034179688
-12079.875,-10063.6484375,-3670.8515625,2262.59228515625,3253.618896484375,21078.5859375,-1708.66650390625,3429.25390625,-2775.98681640625,4535.51611328125,-7328.9873046875,-4738.96630859375,-4871.6865234375,3486.474365234375,1145.9986572265625,-3414.94873046875,16.689300537109375,3805.16064453125,5194.34619140625,17004.013671875,3452.301025390625,13089.974609375,2293.586669921875,16706.78515625,-5181.63037109375,-5203.8828125,-3190.04052734375,-1014.07373046875,-6179.0146484375,1474.2215576171875,6573.9951171875,7522.90087890625,4073.778564453125,5582.173828125,975.1319580078125,6486.57470703125,-322.6598205566406,20320.416015625,-1563.2310791015625,-0.0,-1308.91796875,9535.1533203125,-1517.931640625,442.663818359375,2194.24560546875,9441.3759765625,-5098.978515625,3570.715576171875,-4964.669921875,-461.7373046875,-290.075927734375,10277.4306640625,-12394.587890625,-12309.55078125,-5743.50341796875,-1238.1871337890625,243.18695068359375,-5893.70703125,-1508.3948974609375,-503.85791015625,-7654.82568359375,3975.232666015625,1355.8070068359375,1272.3604736328125,-5311.1708984375,1018.04736328125,0.0,-3062.089111328125,0.0,-2125.104248046875,-0.0,-716.0504760742188
-12042.5224609375,-10029.4755859375,-3639.85693359375,2291.20263671875,3290.17626953125,21104.017578125,-1679.2615966796875,3454.685302734375,-2750.5556640625,4540.28466796875,-7318.6552734375,-4711.94580078125,-4837.51318359375,3522.237060546875,1184.1456298828125,-3383.954345703125,49.27317428588867,3836.94970703125,5221.36669921875,17023.0859375,3484.090087890625,13119.3798828125,2326.96533203125,16733.01171875,-5151.4306640625,-5192.7568359375,-3153.483154296875,-987.84765625,-6145.63623046875,1521.9052734375,6605.7841796875,7557.869140625,4106.36279296875,5611.57861328125,1009.3053588867188,6512.00634765625,-291.6654052734375,20345.845703125,-1536.21044921875,-0.0,-1275.5394287109375,9558.201171875,-1473.4267578125,464.9162292480469,2220.4716796875,9461.2431640625,-5095.0048828125,3600.12060546875,-4952.74853515625,-431.5376281738281,-251.928955078125,10303.65625,-12372.3349609375,-12276.1728515625,-5709.330078125,-1198.45068359375,271.79718017578125,-5851.5869140625,-1487.73193359375,-493.5264587402344,-7619.06298828125,4002.253173828125,1378.8541259765625,1324.017822265625,-5286.53466796875,1045.86279296875,0.0,-3038.247314453125,0.0,-2098.08349609375,-0.0,-678.6982421875
-12002.7861328125,-10023.1171875,-3623.167724609375,2295.970947265625,3308.455322265625,21116.734375,-1661.7774658203125,3470.579833984375,-2735.455810546875,4556.97412109375,-7287.6611328125,-4698.435546875,-4843.076171875,3533.36328125,1210.37158203125,-3378.391357421875,63.578285217285156,3852.049560546875,5235.671875,17044.544921875,3498.395263671875,13129.7109375,2342.065185546875,16748.109375,-5141.89404296875,-5181.63037109375,-3132.820068359375,-968.774169921875,-6134.51025390625,1553.6943359375,6619.29443359375,7572.96875,4123.05224609375,5622.705078125,1025.199951171875,6527.10595703125,-273.3866271972656,20360.947265625,-1519.5211181640625,-0.0,-1262.82373046875,9570.1220703125,-1450.3797607421875,481.60552978515625,2237.955810546875,9475.548828125,-5087.0576171875,3604.888916015625,-4936.0595703125,-412.4641418457031,-227.29237365722656,10323.5244140625,-12374.71875,-12237.2314453125,-5697.4091796875,-1182.55615234375,280.5391845703125,-5842.05029296875,-1470.2479248046875,-499.8843078613281,-7599.9892578125,4016.55810546875,1394.7486572265625,1336.7335205078125,-5280.9716796875,1059.373291015625,0.0,-3047.7841796875,0.0,-2103.646484375,-0.0,-660.41943359375
-11994.0439453125,-10050.9326171875,-3634.293701171875,2280.87109375,3286.99755859375,21095.275390625,-1678.466796875,3453.890625,-2743.403076171875,4567.30517578125,-7281.30322265625,-4713.53515625,-4869.30224609375,3521.4423828125,1166.66162109375,-3398.259521484375,46.09425735473633,3832.18115234375,5219.77734375,17045.33984375,3480.9111328125,13110.6376953125,2323.786376953125,16729.83203125,-5169.70947265625,-5199.1142578125,-3157.45654296875,-988.642333984375,-6156.7626953125,1542.5682373046875,6601.015625,7555.48486328125,4105.56787109375,5606.81005859375,1006.921142578125,6509.6220703125,-291.6654052734375,20344.2578125,-1537.005126953125,-0.0,-1284.2813720703125,9551.0478515625,-1471.0426025390625,464.1214904785156,2222.06103515625,9465.2177734375,-5075.931640625,3588.19970703125,-4961.49072265625,-443.45855712890625,-268.6182556152344,10305.2451171875,-12365.9775390625,-12237.2314453125,-5719.66162109375,-1207.1927490234375,240.80276489257812,-5853.17626953125,-1478.1951904296875,-494.3211669921875,-7614.29443359375,3997.484619140625,1384.417236328125,1318.4547119140625,-5298.45556640625,1047.4522705078125,0.0,-3050.168212890625,0.0,-2109.209716796875,-0.0,-654.8563842773438
-11975.765625,-10037.421875,-3625.552001953125,2289.613037109375,3292.560546875,21106.40234375,-1671.314208984375,3473.7587890625,-2715.587646484375,4626.90966796875,-7252.693359375,-4713.53515625,-4892.34912109375,3561.178955078125,1142.8197021484375,-3391.10693359375,58.80991744995117,3842.512939453125,5234.876953125,17089.84375,3488.8583984375,13121.7646484375,2332.5283203125,16741.751953125,-5164.94140625,-5184.0146484375,-3162.22509765625,-980.6951293945312,-6168.68359375,1545.7471923828125,6612.9365234375,7568.9951171875,4115.8994140625,5618.73095703125,1016.4578857421875,6519.953125,-284.5128479003906,20358.5625,-1521.110595703125,-0.0,-1277.1287841796875,9558.9951171875,-1465.4794921875,475.2477111816406,2234.77685546875,9493.828125,-5066.39501953125,3595.35205078125,-4962.28564453125,-432.3323669433594,-290.87066650390625,10317.9619140625,-12322.2666015625,-12230.0791015625,-5731.58251953125,-1207.9874267578125,220.1398162841797,-5841.25537109375,-1472.632080078125,-447.43218994140625,-7614.29443359375,4008.611083984375,1408.259033203125,1356.6016845703125,-5299.25,1049.041748046875,0.0,-3019.96875,0.0,-2059.9365234375,-0.0,-603.9937133789062
-11988.48046875,-10011.1962890625,-3627.93603515625,2285.639404296875,3305.276123046875,21110.376953125,-1657.8038330078125,3484.885009765625,-2700.48779296875,4654.7255859375,-7237.59326171875,-4715.12451171875,-4880.42822265625,3578.662841796875,1178.58251953125,-3374.41748046875,61.19409942626953,3845.691650390625,5243.61962890625,17114.48046875,3493.626953125,13125.7373046875,2341.2705078125,16747.31640625,-5153.81494140625,-5179.24658203125,-3143.151611328125,-972.747802734375,-6163.9150390625,1543.3629150390625,6615.32080078125,7572.96875,4117.48876953125,5619.52587890625,1022.815673828125,6522.33740234375,-270.2077331542969,20367.3046875,-1507.6002197265625,-0.0,-1272.3604736328125,9559.791015625,-1451.1744384765625,479.2213439941406,2249.876708984375,9510.517578125,-5062.42138671875,3592.968017578125,-4944.80126953125,-431.5376281738281,-257.4920654296875,10330.6767578125,-12305.5771484375,-12221.3359375,-5724.43017578125,-1210.37158203125,243.98167419433594,-5843.63916015625,-1450.3797607421875,-424.38507080078125,-7612.705078125,4017.35302734375,1423.35888671875,1369.3173828125,-5292.09765625,1043.4786376953125,0.0,-3018.379150390625,0.0,-2037.6842041015625,-0.0,-592.0728149414062
-12017.0908203125,-10004.0439453125,-3648.598876953125,2273.718505859375,3295.739501953125,21100.83984375,-1671.314208984375,3465.0166015625,-2726.7138671875,4607.0419921875,-7249.51416015625,-4718.3037109375,-4889.17041015625,3534.157958984375,1170.63525390625,-3383.15966796875,46.09425735473633,3834.5654296875,5225.34033203125,17071.56640625,3484.090087890625,13112.2275390625,2329.349609375,16733.01171875,-5166.53076171875,-5181.63037109375,-3148.71484375,-984.668701171875,-6165.50439453125,1531.4420166015625,6602.60546875,7560.2529296875,4103.18359375,5604.42578125,1010.894775390625,6509.6220703125,-284.5128479003906,20351.41015625,-1516.3421630859375,-0.0,-1285.076171875,9549.458984375,-1459.1217041015625,466.50567626953125,2232.392578125,9481.9072265625,-5079.9052734375,3582.636474609375,-4949.56982421875,-449.02166748046875,-263.8498840332031,10316.3720703125,-12324.650390625,-12222.92578125,-5728.40380859375,-1211.1663818359375,237.6238555908203,-5865.09716796875,-1456.737548828125,-455.3794860839844,-7624.6259765625,4003.8427734375,1398.7222900390625,1318.4547119140625,-5291.30322265625,1036.3260498046875,0.0,-3035.068603515625,0.0,-2071.062744140625,-0.0,-653.2669067382812
-12015.501953125,-10017.5546875,-3657.341064453125,2280.076171875,3285.407958984375,21100.83984375,-1687.208740234375,3446.738037109375,-2758.5029296875,4553.794921875,-7263.02490234375,-4707.97216796875,-4909.03857421875,3528.594970703125,1145.9986572265625,-3401.4384765625,43.7100715637207,3830.591796875,5211.03515625,17019.11328125,3478.527099609375,13110.6376953125,2319.812744140625,16725.859375,-5176.8623046875,-5176.8623046875,-3168.5830078125,-985.4635009765625,-6179.0146484375,1533.826171875,6599.42626953125,7555.48486328125,4099.21044921875,5604.42578125,1004.5369873046875,6507.23779296875,-301.2021484375,20337.900390625,-1513.1632080078125,-0.0,-1292.228759765625,9551.0478515625,-1471.83740234375,461.7373046875,2208.55078125,9452.501953125,-5106.130859375,3588.19970703125,-4963.080078125,-433.1270751953125,-286.89703369140625,10296.50390625,-12343.724609375,-12225.310546875,-5741.119140625,-1204.80859375,221.72927856445312,-5886.5546875,-1495.67919921875,-485.57916259765625,-7619.06298828125,3993.51123046875,1370.9068603515625,1304.149658203125,-5287.3291015625,1051.4259033203125,0.0,-3031.0947265625,0.0,-2092.5205078125,-0.0,-685.8507690429688
-12013.912109375,-10036.6279296875,-3659.72509765625,2285.639404296875,3283.818603515625,21098.455078125,-1691.1824951171875,3436.406494140625,-2777.576416015625,4502.1376953125,-7266.20361328125,-4703.99853515625,-4889.96484375,3532.568603515625,1157.9195556640625,-3398.259521484375,46.88898849487305,3832.18115234375,5206.26708984375,16980.966796875,3478.527099609375,13113.81640625,2318.22314453125,16722.6796875,-5176.8623046875,-5176.0673828125,-3166.993408203125,-987.0529174804688,-6179.8095703125,1537.7998046875,6602.60546875,7557.869140625,4100.0048828125,5606.015625,1003.7421875,6506.44287109375,-304.38104248046875,20329.953125,-1521.110595703125,-0.0,-1289.0498046875,9553.4326171875,-1472.632080078125,458.55841064453125,2199.808837890625,9432.6337890625,-5106.130859375,3592.968017578125,-4967.84814453125,-434.716552734375,-276.5655517578125,10290.9404296875,-12345.314453125,-12226.8994140625,-5741.119140625,-1218.3189697265625,239.2133026123047,-5864.30224609375,-1500.4476318359375,-510.21575927734375,-7613.5,3990.33203125,1352.6280517578125,1330.375732421875,-5286.53466796875,1061.7574462890625,0.0,-3026.326416015625,0.0,-2116.3623046875,-0.0,-693.0033569335938
-12002.7861328125,-10027.8857421875,-3645.420166015625,2290.407958984375,3290.970947265625,21100.83984375,-1686.4140625,3441.1748046875,-2774.397705078125,4503.72705078125,-7266.20361328125,-4699.22998046875,-4874.07080078125,3536.542236328125,1166.66162109375,-3404.6171875,51.6573600769043,3834.5654296875,5208.65087890625,16984.939453125,3484.090087890625,13118.5849609375,2321.40234375,16724.267578125,-5165.73583984375,-5168.9150390625,-3162.22509765625,-995.794921875,-6163.1201171875,1551.3101806640625,6605.7841796875,7563.43212890625,4106.36279296875,5611.57861328125,1012.4841918945312,6508.0322265625,-302.7915954589844,20331.541015625,-1535.4156494140625,-0.0,-1281.897216796875,9558.9951171875,-1466.2742919921875,457.763671875,2202.98779296875,9439.7861328125,-5078.31591796875,3596.941650390625,-4967.84814453125,-437.1007385253906,-268.6182556152344,10294.1201171875,-12345.314453125,-12218.158203125,-5724.43017578125,-1200.8348388671875,247.955322265625,-5832.51318359375,-1498.0634765625,-491.14227294921875,-7611.11572265625,3994.30615234375,1355.8070068359375,1351.8333740234375,-5283.35546875,1059.373291015625,0.0,-2986.590087890625,0.0,-2082.18896484375,-0.0,-660.41943359375
-12002.7861328125,-10035.83203125,-3641.4462890625,2290.407958984375,3294.150146484375,21104.017578125,-1685.619384765625,3451.50634765625,-2763.271240234375,4528.36376953125,-7285.27685546875,-4700.8193359375,-4870.8916015625,3546.078857421875,1161.8931884765625,-3395.875244140625,52.45208740234375,3836.155029296875,5211.830078125,17002.423828125,3487.26904296875,13120.96875,2324.5810546875,16728.2421875,-5156.99365234375,-5165.73583984375,-3163.019775390625,-991.0265502929688,-6162.3251953125,1549.720703125,6606.57861328125,7562.63720703125,4109.54150390625,5614.75732421875,1015.6631469726562,6511.21142578125,-298.8179626464844,20337.900390625,-1535.4156494140625,-0.0,-1277.923583984375,9564.55859375,-1464.684814453125,463.3267822265625,2209.345458984375,9454.0908203125,-5063.2158203125,3597.736328125,-4969.43798828125,-433.1270751953125,-273.3866271972656,10302.861328125,-12353.2607421875,-12226.1044921875,-5724.43017578125,-1200.8348388671875,241.5974884033203,-5835.69189453125,-1492.500244140625,-482.4002685546875,-7616.6787109375,3998.279541015625,1366.138427734375,1355.0123291015625,-5284.150390625,1054.6048583984375,0.0,-2992.153076171875,0.0,-2070.267822265625,-0.0,-646.1143798828125
-12026.6279296875,-10048.548828125,-3643.035888671875,2288.023681640625,3290.17626953125,21104.8125,-1691.1824951171875,3450.71142578125,-2756.913330078125,4541.8740234375,-7298.78759765625,-4714.330078125,-4882.8125,3550.052734375,1146.7933349609375,-3375.21240234375,48.47844314575195,3833.770751953125,5211.03515625,17011.9609375,3482.500732421875,13119.3798828125,2321.40234375,16727.447265625,-5164.146484375,-5153.81494140625,-3169.377685546875,-984.668701171875,-6164.70947265625,1535.4156494140625,6602.60546875,7556.27978515625,4103.978515625,5611.57861328125,1010.1000366210938,6511.21142578125,-301.9968566894531,20336.30859375,-1533.826171875,-0.0,-1281.1025390625,9568.5322265625,-1470.2479248046875,461.7373046875,2206.96142578125,9454.0908203125,-5076.7265625,3593.7626953125,-4967.84814453125,-438.690185546875,-287.6917419433594,10308.4248046875,-12352.466796875,-12245.97265625,-5727.609375,-1230.2398681640625,231.26602172851562,-5837.28173828125,-1486.9371337890625,-482.4002685546875,-7622.2421875,3995.1005859375,1366.9332275390625,1355.0123291015625,-5285.73974609375,1052.220703125,0.0,-3008.842529296875,0.0,-2078.21533203125,-0.0,-646.1143798828125
-12048.880859375,-10060.4697265625,-3658.930419921875,2271.33447265625,3279.050048828125,21080.17578125,-1700.71923828125,3426.86962890625,-2774.397705078125,4529.953125,-7289.2509765625,-4742.1455078125,-4874.07080078125,3511.111083984375,1160.3037109375,-3406.206787109375,33.37860107421875,3818.6708984375,5195.140625,16998.44921875,3469.784912109375,13103.4853515625,2307.891845703125,16706.78515625,-5179.24658203125,-5168.9150390625,-3166.19873046875,-1012.4841918945312,-6169.47802734375,1505.2159423828125,6588.30029296875,7539.59033203125,4087.289306640625,5598.068359375,995.794921875,6492.1376953125,-313.91778564453125,20314.8515625,-1542.5682373046875,-0.0,-1295.4075927734375,9555.0224609375,-1480.579345703125,436.3059997558594,2195.04052734375,9431.8388671875,-5103.7470703125,3577.8681640625,-4968.64306640625,-484.7844543457031,-274.9761047363281,10282.19921875,-12358.8251953125,-12269.0205078125,-5732.37744140625,-1259.6448974609375,248.75006103515625,-5852.38134765625,-1487.73193359375,-514.1893920898438,-7631.77880859375,3982.38525390625,1351.8333740234375,1332.7598876953125,-5298.45556640625,1033.147216796875,0.0,-3028.710693359375,0.0,-2100.4677734375,-0.0,-664.3931274414062
-12083.0537109375,-10074.7744140625,-3662.109375,2258.61865234375,3278.25537109375,21070.638671875,-1703.8980712890625,3421.306640625,-2775.98681640625,4529.158203125,-7310.70849609375,-4758.0400390625,-4861.35498046875,3510.316162109375,1163.482666015625,-3418.92236328125,23.84185791015625,3809.928955078125,5187.193359375,16998.44921875,3462.63232421875,13095.5380859375,2303.12353515625,16699.6328125,-5171.298828125,-5191.16748046875,-3165.404052734375,-1024.4051513671875,-6182.98876953125,1471.0426025390625,6581.1474609375,7527.66943359375,4080.13671875,5590.12060546875,990.2318725585938,6484.1904296875,-317.8914489746094,20309.2890625,-1552.899658203125,-0.0,-1296.9970703125,9548.6640625,-1482.963623046875,427.5639953613281,2192.65625,9429.455078125,-5102.15771484375,3562.768310546875,-4967.84814453125,-482.4002685546875,-270.2077331542969,10276.634765625,-12399.35546875,-12292.8623046875,-5744.29833984375,-1286.66552734375,263.05517578125,-5873.8388671875,-1490.1160888671875,-512.5999755859375,-7648.4677734375,3976.027099609375,1346.270263671875,1321.6336669921875,-5317.529296875,1014.07373046875,0.0,-3046.19482421875,0.0,-2111.593994140625,-0.0,-671.545654296875
-12076.6953125,-10083.5166015625,-3661.314697265625,2261.002685546875,3278.25537109375,21070.638671875,-1702.30859375,3420.511962890625,-2767.2451171875,4529.953125,-7328.9873046875,-4766.7822265625,-4878.8388671875,3519.05810546875,1170.63525390625,-3426.86962890625,24.636587142944336,3809.928955078125,5187.98828125,17004.013671875,3464.221923828125,13097.126953125,2304.712890625,16701.220703125,-5174.47802734375,-5195.140625,-3161.430419921875,-1023.6104736328125,-6180.6044921875,1478.1951904296875,6581.94189453125,7528.4638671875,4082.52099609375,5589.326171875,989.4371337890625,6483.39599609375,-313.91778564453125,20310.083984375,-1547.3365478515625,-0.0,-1294.6129150390625,9547.8701171875,-1480.579345703125,427.5639953613281,2198.21923828125,9431.044921875,-5093.41552734375,3566.741943359375,-4968.64306640625,-480.0160827636719,-263.8498840332031,10271.8671875,-12415.25,-12299.2197265625,-5741.9140625,-1277.923583984375,251.928955078125,-5890.5283203125,-1487.73193359375,-505.4473876953125,-7652.44140625,3975.232666015625,1349.44921875,1312.096923828125,-5315.14501953125,1010.894775390625,0.0,-3057.32080078125,0.0,-2117.156982421875,-0.0,-681.8771362304688
-12032.9853515625,-10054.90625,-3644.62548828125,2291.997314453125,3288.5869140625,21088.91796875,-1687.208740234375,3437.201171875,-2752.93994140625,4547.43701171875,-7290.84033203125,-4731.81396484375,-4889.17041015625,3531.77392578125,1176.1983642578125,-3412.564453125,46.09425735473633,3830.591796875,5205.47265625,17023.0859375,3481.705810546875,13114.611328125,2322.197021484375,16721.08984375,-5176.8623046875,-5187.98828125,-3155.072509765625,-999.7686157226562,-6159.14697265625,1538.5946044921875,6602.60546875,7552.3056640625,4103.18359375,5609.9892578125,1007.7158203125,6502.4697265625,-297.2284851074219,20327.568359375,-1528.2630615234375,-0.0,-1284.2813720703125,9557.40625,-1467.0689697265625,447.43218994140625,2214.90869140625,9443.759765625,-5085.46826171875,3600.12060546875,-4971.822265625,-461.7373046875,-256.69732666015625,10290.1455078125,-12392.998046875,-12265.841796875,-5723.63525390625,-1233.4188232421875,252.72369384765625,-5871.45458984375,-1475.81103515625,-499.8843078613281,-7615.88427734375,3993.51123046875,1368.522705078125,1327.19677734375,-5284.150390625,1040.2998046875,0.0,-3038.247314453125,0.0,-2097.288818359375,-0.0,-663.598388671875
-12015.501953125,-10030.26953125,-3629.525390625,2298.35498046875,3303.686767578125,21105.607421875,-1669.724853515625,3462.63232421875,-2743.403076171875,4566.5107421875,-7257.46142578125,-4695.2568359375,-4874.07080078125,3529.3896484375,1194.47705078125,-3366.47021484375,61.98883056640625,3845.691650390625,5224.5458984375,17035.802734375,3496.805908203125,13128.12109375,2337.296630859375,16738.572265625,-5176.0673828125,-5180.041015625,-3142.35693359375,-981.4898071289062,-6144.046875,1556.07861328125,6616.91064453125,7568.20068359375,4118.28369140625,5621.91015625,1021.2262573242188,6517.56884765625,-281.33392333984375,20345.845703125,-1530.647216796875,-0.0,-1275.5394287109375,9562.1748046875,-1448.7901611328125,466.50567626953125,2230.80322265625,9467.6015625,-5079.11083984375,3605.68359375,-5021.09521484375,-432.3323669433594,-240.00804138183594,10319.55078125,-12377.8984375,-12247.5625,-5707.74072265625,-1207.1927490234375,254.31314086914062,-5823.77099609375,-1463.0953369140625,-475.2477111816406,-7610.3212890625,4010.200439453125,1385.2119140625,1331.17041015625,-5271.4345703125,1056.989013671875,0.0,-3015.9951171875,0.0,-2074.24169921875,-0.0,-638.9617919921875
-12023.44921875,-10031.859375,-3647.80419921875,2289.613037109375,3306.86572265625,21098.455078125,-1679.2615966796875,3449.916748046875,-2747.376708984375,4567.30517578125,-7286.07177734375,-4702.4091796875,-4905.06494140625,3545.2841796875,1151.561767578125,-3384.749267578125,51.6573600769043,3836.94970703125,5218.18798828125,17028.650390625,3485.6796875,13120.1748046875,2330.144287109375,16729.037109375,-5195.140625,-5180.041015625,-3162.22509765625,-994.2054443359375,-6180.6044921875,1548.13134765625,6606.57861328125,7558.6640625,4106.36279296875,5613.16845703125,1016.4578857421875,6511.21142578125,-293.2548522949219,20338.693359375,-1530.647216796875,-0.0,-1288.255126953125,9555.0224609375,-1452.763916015625,456.96893310546875,2219.677001953125,9462.8330078125,-5087.8525390625,3599.325927734375,-5011.55859375,-435.5112609863281,-282.128662109375,10304.451171875,-12381.0771484375,-12242.7939453125,-5741.119140625,-1194.47705078125,220.1398162841797,-5837.28173828125,-1485.3477783203125,-462.53204345703125,-7627.01025390625,4001.458740234375,1375.6751708984375,1334.3492431640625,-5300.83984375,1045.86279296875,0.0,-3011.2265625,0.0,-2065.49951171875,-0.0,-632.6039428710938
-12052.0595703125,-10062.05859375,-3647.009521484375,2286.43408203125,3323.554931640625,21096.0703125,-1676.8773193359375,3442.76416015625,-2753.734619140625,4550.61572265625,-7313.88720703125,-4711.1513671875,-4887.5810546875,3538.92626953125,1161.8931884765625,-3407.796142578125,45.299530029296875,3836.155029296875,5215.00927734375,17015.138671875,3487.26904296875,13118.5849609375,2332.5283203125,16724.267578125,-5158.5830078125,-5175.2724609375,-3155.072509765625,-1002.9474487304688,-6198.08837890625,1537.005126953125,6604.98974609375,7551.51123046875,4103.18359375,5609.9892578125,1020.4315185546875,6509.6220703125,-290.87066650390625,20335.515625,-1542.5682373046875,-0.0,-1275.5394287109375,9557.40625,-1439.25341796875,452.2005615234375,2219.677001953125,9454.0908203125,-5083.87890625,3596.941650390625,-4953.54296875,-446.6374816894531,-272.5919189453125,10294.9140625,-12369.9501953125,-12254.71484375,-5760.98779296875,-1200.0401611328125,235.2396697998047,-5857.1494140625,-1473.4267578125,-476.04241943359375,-7637.341796875,4001.458740234375,1369.3173828125,1327.991455078125,-5327.06591796875,1041.094482421875,0.0,-3019.173828125,0.0,-2082.18896484375,-0.0,-655.651123046875
-12079.875,-10093.8486328125,-3636.677978515625,2291.997314453125,3306.86572265625,21100.83984375,-1672.1090087890625,3443.558837890625,-2738.634765625,4553.794921875,-7310.70849609375,-4716.71435546875,-4855.79150390625,3545.2841796875,1198.45068359375,-3403.82275390625,52.45208740234375,3840.128662109375,5219.77734375,17025.470703125,3491.24267578125,13122.55859375,2332.5283203125,16729.037109375,-5135.5361328125,-5164.146484375,-3145.53564453125,-995.000244140625,-6175.8359375,1525.0841064453125,6609.7578125,7555.48486328125,4108.7470703125,5613.962890625,1018.04736328125,6514.390625,-284.5128479003906,20336.30859375,-1529.8525390625,-0.0,-1266.79736328125,9565.353515625,-1447.9954833984375,456.1742248535156,2232.392578125,9453.296875,-5086.26318359375,3600.915283203125,-4935.2646484375,-441.0743713378906,-238.4185791015625,10295.708984375,-12346.1083984375,-12265.841796875,-5739.5302734375,-1215.1400146484375,266.23406982421875,-5878.607421875,-1451.9691162109375,-492.73175048828125,-7632.57373046875,4001.458740234375,1378.059326171875,1335.14404296875,-5301.63427734375,1044.2734375,0.0,-3026.326416015625,0.0,-2100.4677734375,-0.0,-658.8300170898438
-12067.9541015625,-10120.07421875,-3641.4462890625,2309.4814453125,3274.28173828125,21106.40234375,-1679.2615966796875,3444.353759765625,-2741.813720703125,4553.0,-7298.78759765625,-4729.4296875,-4852.61279296875,3542.10546875,1209.576904296875,-3408.591064453125,52.45208740234375,3833.770751953125,5215.00927734375,17023.8828125,3483.29541015625,13124.1484375,2316.634033203125,16728.2421875,-5156.99365234375,-5106.130859375,-3142.35693359375,-991.0265502929688,-6157.55712890625,1506.805419921875,6604.98974609375,7554.68994140625,4106.36279296875,5618.73095703125,1003.7421875,6513.595703125,-292.4601135253906,20336.30859375,-1535.4156494140625,-0.0,-1280.3077392578125,9582.04296875,-1482.1688232421875,456.1742248535156,2229.213623046875,9450.912109375,-5095.7998046875,3616.01513671875,-4920.95947265625,-469.6846008300781,-227.29237365722656,10294.1201171875,-12361.208984375,-12302.3984375,-5717.27734375,-1266.002685546875,284.5128479003906,-5884.96533203125,-1455.1480712890625,-491.9369812011719,-7641.3154296875,3995.1005859375,1374.0858154296875,1327.19677734375,-5284.150390625,1061.7574462890625,0.0,-3031.0947265625,0.0,-2101.262451171875,-0.0,-654.8563842773438
-12015.501953125,-10107.3583984375,-3633.4990234375,2320.607421875,3290.970947265625,21108.78515625,-1667.340576171875,3449.1220703125,-2746.58203125,4552.20556640625,-7267.79296875,-4714.330078125,-4886.7861328125,3524.621337890625,1225.471435546875,-3399.848876953125,59.604644775390625,3840.92333984375,5223.7509765625,17018.318359375,3488.063720703125,13128.9169921875,2330.144287109375,16733.01171875,-5164.146484375,-5114.07861328125,-3116.925537109375,-991.0265502929688,-6159.94140625,1492.500244140625,6612.14208984375,7560.2529296875,4112.720703125,5625.08935546875,1011.6895141601562,6517.56884765625,-281.33392333984375,20342.66796875,-1536.21044921875,-0.0,-1277.1287841796875,9587.60546875,-1459.1217041015625,460.1478576660156,2234.77685546875,9453.296875,-5078.31591796875,3626.3466796875,-4928.11181640625,-453.7900390625,-209.0136260986328,10298.888671875,-12364.3876953125,-12325.4462890625,-5720.45654296875,-1271.5657958984375,301.9968566894531,-5834.8974609375,-1446.406005859375,-486.3739013671875,-7650.85205078125,4003.0478515625,1378.059326171875,1319.24951171875,-5293.6875,1051.4259033203125,0.0,-3024.737060546875,0.0,-2094.10986328125,-0.0,-655.651123046875
-12016.296875,-10068.4169921875,-3629.525390625,2311.865478515625,3310.04443359375,21107.9921875,-1653.8302001953125,3466.606201171875,-2726.7138671875,4569.689453125,-7254.28271484375,-4701.6142578125,-4912.2177734375,3559.58935546875,1207.9874267578125,-3363.29150390625,65.1677474975586,3851.254638671875,5238.85107421875,17037.392578125,3496.010986328125,13131.30078125,2344.44921875,16743.341796875,-5172.88818359375,-5174.47802734375,-3099.44140625,-977.5161743164062,-6166.29931640625,1506.0106201171875,6620.8837890625,7568.9951171875,4119.078125,5629.0625,1025.199951171875,6524.7216796875,-267.82354736328125,20357.767578125,-1516.3421630859375,-0.0,-1272.3604736328125,9577.2744140625,-1436.8692626953125,472.863525390625,2246.69775390625,9474.75390625,-5045.73193359375,3619.194091796875,-4944.00634765625,-452.99530029296875,-224.90818786621094,10323.5244140625,-12352.466796875,-12295.24609375,-5726.814453125,-1211.961181640625,258.28680419921875,-5813.43994140625,-1444.0218505859375,-472.863525390625,-7642.1103515625,4016.55810546875,1396.338134765625,1344.6807861328125,-5295.27685546875,1053.015380859375,0.0,-3023.942138671875,0.0,-2090.13623046875,-0.0,-638.9617919921875
-12038.548828125,-10054.90625,-3644.62548828125,2286.43408203125,3312.4287109375,21099.248046875,-1659.393310546875,3462.63232421875,-2727.508544921875,4565.7158203125,-7284.482421875,-4727.84033203125,-4914.6015625,3558.794677734375,1179.377197265625,-3372.828125,50.067901611328125,3840.128662109375,5231.69873046875,17035.802734375,3488.8583984375,13118.5849609375,2340.475830078125,16737.779296875,-5186.39892578125,-5206.26708984375,-3114.541259765625,-982.2845458984375,-6189.34619140625,1521.110595703125,6608.962890625,7557.07421875,4106.36279296875,5612.37353515625,1020.4315185546875,6516.7744140625,-274.1813659667969,20352.205078125,-1530.647216796875,-0.0,-1281.1025390625,9555.81640625,-1432.8956298828125,468.09515380859375,2241.134765625,9469.986328125,-5071.9580078125,3596.146728515625,-4995.6640625,-436.3059997558594,-254.31314086914062,10315.5771484375,-12363.5927734375,-12265.0458984375,-5749.861328125,-1199.2454833984375,209.0136260986328,-5850.7919921875,-1455.1480712890625,-478.4266052246094,-7638.13623046875,4008.611083984375,1392.364501953125,1338.322998046875,-5307.19775390625,1028.3787841796875,0.0,-3036.657958984375,0.0,-2102.05712890625,-0.0,-650.8826904296875
-12025.0390625,-10073.1845703125,-3685.156494140625,2234.77685546875,3271.10302734375,21062.693359375,-1697.540283203125,3422.101318359375,-2756.913330078125,4542.6689453125,-7316.271484375,-4766.7822265625,-4927.3173828125,3538.92626953125,1128.5146484375,-3437.201171875,12.715657234191895,3802.7763671875,5197.52490234375,17012.75390625,3448.327392578125,13078.8486328125,2304.712890625,16700.42578125,-5223.7509765625,-5243.61962890625,-3183.6826171875,-1026.789306640625,-6217.16162109375,1507.6002197265625,6569.2265625,7522.90087890625,4065.83154296875,5570.2529296875,983.8739624023438,6477.8330078125,-310.7388916015625,20318.03125,-1582.3045654296875,-0.0,-1321.6336669921875,9507.3388671875,-1466.2742919921875,431.5376281738281,2206.96142578125,9433.4287109375,-5113.28369140625,3544.489501953125,-5029.8369140625,-464.9162292480469,-305.17578125,10267.8935546875,-12383.4609375,-12263.45703125,-5779.2666015625,-1228.650390625,185.96649169921875,-5897.6806640625,-1495.67919921875,-499.8843078613281,-7664.3623046875,3974.437744140625,1360.5753173828125,1315.2757568359375,-5335.8076171875,990.2318725585938,0.0,-3056.526123046875,0.0,-2117.95166015625,-0.0,-672.3403930664062
-12015.501953125,-10093.8486328125,-3691.51416015625,2229.213623046875,3249.645263671875,21065.076171875,-1700.71923828125,3429.25390625,-2752.93994140625,4550.61572265625,-7325.80810546875,-4760.42431640625,-4897.91259765625,3545.2841796875,1126.1304931640625,-3435.61181640625,6.357828617095947,3803.571044921875,5198.31982421875,17019.90625,3441.9697265625,13075.6689453125,2299.944580078125,16703.60546875,-5233.28759765625,-5236.466796875,-3213.88232421875,-1017.2525634765625,-6219.5458984375,1517.931640625,6566.0478515625,7515.74853515625,4061.063232421875,5564.689453125,978.3109130859375,6477.0380859375,-314.7125244140625,20321.2109375,-1590.251953125,-0.0,-1329.5809326171875,9503.3642578125,-1480.579345703125,437.89544677734375,2206.96142578125,9438.9912109375,-5139.509765625,3539.72119140625,-5007.5849609375,-464.1214904785156,-308.3547058105469,10273.45703125,-12395.3818359375,-12252.3310546875,-5780.85546875,-1227.0609130859375,209.808349609375,-5904.0390625,-1489.3214111328125,-493.5264587402344,-7665.1572265625,3973.642822265625,1366.138427734375,1324.8125,-5350.90771484375,1002.1527709960938,0.0,-3046.989501953125,0.0,-2110.00439453125,-0.0,-662.8036499023438
-12028.2177734375,-10058.0849609375,-3662.904052734375,2258.61865234375,3272.6923828125,21093.6875,-1684.8245849609375,3454.685302734375,-2736.250732421875,4574.45751953125,-7313.88720703125,-4734.1982421875,-4864.53369140625,3551.64208984375,1158.71435546875,-3401.4384765625,33.37860107421875,3825.028564453125,5220.57177734375,17040.5703125,3469.784912109375,13101.1005859375,2311.07080078125,16729.83203125,-5166.53076171875,-5199.9091796875,-3178.11962890625,-987.84765625,-6176.63037109375,1547.3365478515625,6590.6845703125,7542.76904296875,4089.673583984375,5591.71044921875,997.3843994140625,6503.26416015625,-298.0232238769531,20345.845703125,-1549.720703125,-0.0,-1292.228759765625,9533.564453125,-1493.2950439453125,465.7109680175781,2227.624267578125,9465.2177734375,-5117.2578125,3568.33154296875,-4928.90673828125,-441.0743713378906,-273.3866271972656,10304.451171875,-12401.740234375,-12228.4892578125,-5736.35107421875,-1202.4244384765625,242.39222717285156,-5874.6337890625,-1464.684814453125,-476.04241943359375,-7630.98388671875,3995.1005859375,1387.59619140625,1343.09130859375,-5314.35009765625,1032.3524169921875,0.0,-3035.86328125,0.0,-2090.13623046875,-0.0,-641.345947265625
-12074.3115234375,-10046.1640625,-3650.1884765625,2258.61865234375,3276.666015625,21091.302734375,-1684.8245849609375,3450.71142578125,-2748.171630859375,4562.53662109375,-7336.1396484375,-4746.119140625,-4885.99169921875,3536.542236328125,1168.2509765625,-3392.6962890625,30.19968605041504,3822.64453125,5217.3935546875,17030.23828125,3470.579833984375,13100.306640625,2311.07080078125,16727.447265625,-5163.3515625,-5187.98828125,-3167.788330078125,-988.642333984375,-6169.47802734375,1540.18408203125,6588.30029296875,7535.6162109375,4090.468017578125,5588.53125,996.5896606445312,6501.6748046875,-297.2284851074219,20342.66796875,-1559.257568359375,-0.0,-1287.4603271484375,9538.3330078125,-1489.3214111328125,461.7373046875,2222.855712890625,9459.6552734375,-5078.31591796875,3567.53662109375,-4946.390625,-456.1742248535156,-263.8498840332031,10303.65625,-12417.6337890625,-12242.0,-5730.78759765625,-1228.650390625,241.5974884033203,-5880.99169921875,-1466.2742919921875,-485.57916259765625,-7647.67333984375,3991.921875,1379.6488037109375,1327.991455078125,-5319.91357421875,1027.5841064453125,0.0,-3054.936767578125,0.0,-2106.82568359375,-0.0,-658.0352783203125
-12087.02734375,-10070.0068359375,-3640.651611328125,2255.439697265625,3277.460693359375,21084.943359375,-1689.593017578125,3445.1484375,-2752.93994140625,4556.17919921875,-7354.41845703125,-4750.0927734375,-4893.14404296875,3520.647705078125,1160.3037109375,-3403.02783203125,23.84185791015625,3821.05517578125,5212.625,17020.703125,3467.40087890625,13093.9482421875,2309.4814453125,16721.08984375,-5171.298828125,-5180.041015625,-3169.377685546875,-999.7686157226562,-6184.578125,1507.6002197265625,6584.326171875,7521.3115234375,4086.494384765625,5581.37890625,994.2054443359375,6495.31689453125,-301.2021484375,20336.30859375,-1598.993896484375,-0.0,-1288.255126953125,9535.94921875,-1481.3741455078125,453.7900390625,2214.90869140625,9451.70703125,-5080.69970703125,3562.768310546875,-4965.46435546875,-471.2740478515625,-273.3866271972656,10296.50390625,-12436.70703125,-12272.994140625,-5749.06689453125,-1253.2869873046875,237.6238555908203,-5874.6337890625,-1478.1951904296875,-490.3475646972656,-7676.283203125,3987.947998046875,1372.4962158203125,1316.070556640625,-5327.8603515625,1025.199951171875,0.0,-3039.8369140625,0.0,-2098.878173828125,-0.0,-662.0089111328125
-12083.0537109375,-10070.80078125,-3638.267578125,2259.41357421875,3288.5869140625,21100.044921875,-1676.0826416015625,3461.043212890625,-2736.250732421875,4577.63671875,-7321.03955078125,-4714.330078125,-4882.017578125,3550.052734375,1166.66162109375,-3399.05419921875,38.94169998168945,3834.5654296875,5226.93017578125,17041.365234375,3476.9375,13110.6376953125,2322.197021484375,16734.599609375,-5174.47802734375,-5170.50390625,-3157.45654296875,-991.0265502929688,-6174.24609375,1504.4212646484375,6599.42626953125,7539.59033203125,4097.62060546875,5598.86328125,1007.7158203125,6512.80078125,-290.075927734375,20352.205078125,-1547.3365478515625,-0.0,-1285.076171875,9555.81640625,-1468.658447265625,469.6846008300781,2229.213623046875,9467.6015625,-5082.2890625,3565.15234375,-4961.49072265625,-452.99530029296875,-267.02880859375,10309.2197265625,-12409.6875,-12274.5830078125,-5737.9404296875,-1251.697509765625,247.955322265625,-5842.05029296875,-1478.989990234375,-470.4793395996094,-7657.2099609375,3999.868896484375,1390.7750244140625,1343.885986328125,-5295.27685546875,1053.015380859375,0.0,-3022.35302734375,0.0,-2087.752197265625,-0.0,-636.57763671875
-12066.3642578125,-10068.4169921875,-3650.983154296875,2257.029296875,3282.229248046875,21111.169921875,-1676.0826416015625,3466.606201171875,-2733.071533203125,4587.17333984375,-7300.376953125,-4703.99853515625,-4879.63330078125,3561.9736328125,1153.151123046875,-3385.5439453125,41.32588577270508,3836.94970703125,5229.314453125,17050.107421875,3477.732421875,13115.40625,2322.99169921875,16740.1640625,-5184.0146484375,-5172.09375,-3164.609130859375,-978.3109130859375,-6178.22021484375,1509.1895751953125,6602.60546875,7547.537109375,4097.62060546875,5604.42578125,1007.7158203125,6516.7744140625,-290.075927734375,20356.177734375,-1527.4683837890625,-0.0,-1293.0234375,9560.5849609375,-1470.2479248046875,477.63189697265625,2231.597900390625,9474.75390625,-5098.18408203125,3561.9736328125,-4971.822265625,-433.92181396484375,-279.7444763183594,10315.5771484375,-12383.4609375,-12272.1982421875,-5737.9404296875,-1250.90283203125,241.5974884033203,-5848.40771484375,-1471.83740234375,-460.1478576660156,-7646.87890625,4002.253173828125,1393.9539794921875,1356.6016845703125,-5290.50830078125,1051.4259033203125,0.0,-3013.61083984375,0.0,-2073.447021484375,-0.0,-622.2724609375
-12046.49609375,-10072.390625,-3662.904052734375,2262.59228515625,3271.8974609375,21090.5078125,-1690.3876953125,3445.1484375,-2750.5556640625,4560.947265625,-7309.91357421875,-4730.224609375,-4897.91259765625,3542.900146484375,1153.9459228515625,-3412.564453125,25.43131446838379,3820.26025390625,5211.03515625,17029.443359375,3464.221923828125,13097.921875,2307.891845703125,16721.8828125,-5192.7568359375,-5205.47265625,-3170.17236328125,-998.1790771484375,-6190.14111328125,1511.57373046875,6585.12109375,7534.02734375,4084.1103515625,5586.9423828125,993.4107055664062,6496.90625,-303.5863342285156,20336.30859375,-1560.05224609375,-0.0,-1304.149658203125,9534.359375,-1480.579345703125,457.763671875,2215.703369140625,9454.0908203125,-5109.31005859375,3571.51025390625,-4978.1796875,-449.02166748046875,-279.7444763183594,10293.32421875,-12367.56640625,-12276.966796875,-5750.65625,-1227.855712890625,236.03439331054688,-5881.7861328125,-1478.989990234375,-482.4002685546875,-7663.56787109375,3986.358642578125,1374.0858154296875,1330.375732421875,-5307.99267578125,1022.0209350585938,0.0,-3042.22119140625,0.0,-2105.236083984375,-0.0,-655.651123046875
-12028.2177734375,-10080.337890625,-3680.38818359375,2259.41357421875,3266.33447265625,21079.3828125,-1695.9508056640625,3435.61181640625,-2753.734619140625,4553.0,-7294.01904296875,-4745.32470703125,-4912.2177734375,3543.69482421875,1156.330078125,-3427.66455078125,20.66294288635254,3811.518310546875,5204.677734375,17025.470703125,3456.274658203125,13090.76953125,2303.12353515625,16712.34765625,-5199.1142578125,-5208.65087890625,-3170.17236328125,-1011.6895141601562,-6190.935546875,1509.984375,6578.763671875,7530.84814453125,4076.162841796875,5581.37890625,986.2581787109375,6487.36962890625,-310.7388916015625,20327.568359375,-1543.3629150390625,-0.0,-1312.8916015625,9523.232421875,-1484.552978515625,445.8427429199219,2211.729736328125,9443.759765625,-5124.41015625,3567.53662109375,-4975.7958984375,-464.1214904785156,-276.5655517578125,10280.609375,-12347.6982421875,-12283.3251953125,-5753.04052734375,-1230.2398681640625,235.2396697998047,-5890.5283203125,-1478.989990234375,-489.55279541015625,-7665.1572265625,3977.61669921875,1367.7279052734375,1324.8125,-5307.99267578125,1010.1000366210938,0.0,-3052.552490234375,0.0,-2115.5673828125,-0.0,-665.9825439453125
-12021.859375,-10077.1591796875,-3666.877685546875,2274.51318359375,3280.6396484375,21100.83984375,-1678.466796875,3454.685302734375,-2733.071533203125,4580.02099609375,-7260.640625,-4729.4296875,-4892.34912109375,3566.741943359375,1170.63525390625,-3399.848876953125,34.96805953979492,3828.207763671875,5222.16162109375,17048.517578125,3472.169189453125,13108.25390625,2320.607421875,16731.419921875,-5185.60400390625,-5177.65673828125,-3158.25146484375,-990.2318725585938,-6175.8359375,1517.136962890625,6595.45263671875,7542.76904296875,4089.673583984375,5598.068359375,1002.9474487304688,6505.64794921875,-293.2548522949219,20346.640625,-1553.6943359375,-0.0,-1298.5865478515625,9544.6904296875,-1467.8636474609375,464.9162292480469,2228.4189453125,9463.6279296875,-5105.33642578125,3585.020751953125,-4963.875,-445.0480041503906,-263.05517578125,10303.65625,-12339.7509765625,-12260.27734375,-5738.7353515625,-1233.4188232421875,244.77639770507812,-5872.24951171875,-1463.89013671875,-469.6846008300781,-7650.85205078125,3995.8955078125,1387.59619140625,1347.06494140625,-5292.09765625,1032.3524169921875,0.0,-3035.068603515625,0.0,-2093.315185546875,-0.0,-637.372314453125
-12017.0908203125,-10064.4423828125,-3655.75146484375,2288.818359375,3294.94482421875,21116.734375,-1664.16162109375,3475.34814453125,-2727.508544921875,4589.5576171875,-7254.28271484375,-4712.740234375,-4874.865234375,3558.794677734375,1190.50341796875,-3368.059814453125,46.09425735473633,3841.718017578125,5236.466796875,17056.46484375,3484.885009765625,13120.96875,2334.117919921875,16746.521484375,-5172.88818359375,-5162.55712890625,-3145.53564453125,-966.3899536132812,-6164.70947265625,1517.136962890625,6608.16796875,7548.33203125,4100.7998046875,5609.1943359375,1015.6631469726562,6521.54296875,-278.1549987792969,20361.7421875,-1547.3365478515625,-0.0,-1285.076171875,9562.1748046875,-1454.353271484375,483.1949768066406,2241.134765625,9481.9072265625,-5097.38916015625,3599.325927734375,-4951.9541015625,-437.1007385253906,-243.18695068359375,10328.29296875,-12347.6982421875,-12250.7412109375,-5729.1982421875,-1219.1136474609375,259.0815124511719,-5844.43408203125,-1455.1480712890625,-460.1478576660156,-7643.69970703125,4010.995361328125,1401.1064453125,1345.4755859375,-5280.9716796875,1053.81005859375,0.0,-3027.916015625,0.0,-2090.930908203125,-0.0,-634.1934204101562
-12034.5751953125,-10066.0322265625,-3656.54638671875,2286.43408203125,3301.302734375,21123.08984375,-1662.572265625,3480.9111328125,-2740.22412109375,4576.04736328125,-7261.43505859375,-4714.330078125,-4859.765625,3534.952880859375,1209.576904296875,-3371.23876953125,48.47844314575195,3845.691650390625,5238.05615234375,17045.33984375,3485.6796875,13126.5322265625,2338.091552734375,16750.494140625,-5167.32568359375,-5152.2255859375,-3135.204345703125,-961.62158203125,-6162.3251953125,1517.136962890625,6608.16796875,7548.33203125,4101.59423828125,5609.9892578125,1020.4315185546875,6527.10595703125,-274.9761047363281,20365.71484375,-1538.5946044921875,-0.0,-1284.2813720703125,9570.1220703125,-1447.9954833984375,489.55279541015625,2240.340087890625,9481.9072265625,-5102.95263671875,3594.5576171875,-4947.98046875,-414.0535888671875,-225.7029266357422,10334.6513671875,-12346.9033203125,-12264.251953125,-5724.43017578125,-1205.603271484375,276.5655517578125,-5852.38134765625,-1461.505859375,-457.763671875,-7642.1103515625,4014.96875,1398.7222900390625,1328.7862548828125,-5286.53466796875,1054.6048583984375,0.0,-3033.47900390625,0.0,-2104.44140625,-0.0,-656.44580078125
-12036.9599609375,-10073.9794921875,-3646.21484375,2289.613037109375,3310.83935546875,21128.654296875,-1656.21435546875,3479.32177734375,-2726.7138671875,4591.94189453125,-7260.640625,-4709.56201171875,-4854.2021484375,3551.64208984375,1200.0401611328125,-3380.775390625,58.80991744995117,3856.023193359375,5245.208984375,17054.876953125,3495.21630859375,13133.685546875,2346.038818359375,16757.646484375,-5153.0205078125,-5143.4833984375,-3129.641357421875,-952.8795776367188,-6159.94140625,1525.0841064453125,6618.5,7556.27978515625,4109.54150390625,5620.32080078125,1028.3787841796875,6535.05322265625,-267.82354736328125,20370.484375,-1529.057861328125,-0.0,-1273.949951171875,9583.6328125,-1440.843017578125,494.3211669921875,2245.903076171875,9478.728515625,-5081.49462890625,3596.146728515625,-4936.0595703125,-414.84832763671875,-234.44493103027344,10330.6767578125,-12338.9560546875,-12272.1982421875,-5722.0458984375,-1213.550537109375,274.1813659667969,-5871.45458984375,-1455.1480712890625,-460.9425964355469,-7632.57373046875,4022.121337890625,1403.49072265625,1351.8333740234375,-5292.892578125,1065.7310791015625,0.0,-3016.789794921875,0.0,-2077.42041015625,-0.0,-630.2197875976562
-12040.138671875,-10115.3056640625,-3652.57275390625,2295.970947265625,3302.097412109375,21125.474609375,-1662.572265625,3476.142822265625,-2726.7138671875,4587.96826171875,-7277.330078125,-4713.53515625,-4876.45458984375,3561.9736328125,1174.60888671875,-3374.41748046875,51.6573600769043,3848.87060546875,5238.85107421875,17054.080078125,3488.063720703125,13128.9169921875,2340.475830078125,16752.87890625,-5156.99365234375,-5144.27783203125,-3146.33056640625,-958.4426879882812,-6173.45166015625,1519.5211181640625,6613.7314453125,7550.71630859375,4103.18359375,5616.3466796875,1022.815673828125,6530.28466796875,-274.9761047363281,20366.509765625,-1527.4683837890625,-0.0,-1278.7183837890625,9579.658203125,-1451.9691162109375,488.7580871582031,2241.92919921875,9477.138671875,-5085.46826171875,3604.888916015625,-4951.9541015625,-434.716552734375,-259.8762512207031,10331.4716796875,-12361.208984375,-12292.8623046875,-5736.35107421875,-1220.703125,252.72369384765625,-5849.9970703125,-1455.9427490234375,-462.53204345703125,-7646.083984375,4016.55810546875,1400.311767578125,1349.44921875,-5300.83984375,1054.6048583984375,0.0,-3019.173828125,0.0,-2085.367919921875,-0.0,-627.0408935546875
-12050.4697265625,-10138.3525390625,-3662.904052734375,2272.923828125,3291.765869140625,21108.78515625,-1672.1090087890625,3465.0166015625,-2728.30322265625,4595.91552734375,-7288.4560546875,-4730.224609375,-4897.91259765625,3569.9208984375,1169.8404541015625,-3383.15966796875,35.762786865234375,3836.94970703125,5231.69873046875,17056.46484375,3476.9375,13114.611328125,2329.349609375,16740.1640625,-5167.32568359375,-5145.07275390625,-3158.25146484375,-977.5161743164062,-6183.783203125,1492.500244140625,6602.60546875,7534.02734375,4091.2626953125,5602.83642578125,1011.6895141601562,6516.7744140625,-284.5128479003906,20356.974609375,-1559.257568359375,-0.0,-1289.844482421875,9569.3271484375,-1461.505859375,473.6582336425781,2234.77685546875,9473.1650390625,-5088.6474609375,3577.0732421875,-4961.49072265625,-469.6846008300781,-263.05517578125,10317.166015625,-12362.0029296875,-12312.7294921875,-5745.8876953125,-1227.855712890625,239.2133026123047,-5833.3076171875,-1463.0953369140625,-454.5847473144531,-7669.130859375,4005.43212890625,1397.1328125,1357.396484375,-5306.40283203125,1041.094482421875,0.0,-3014.405517578125,0.0,-2072.652099609375,-0.0,-614.3251953125
-12028.2177734375,-10095.4375,-3644.62548828125,2284.050048828125,3310.04443359375,21120.70703125,-1652.24072265625,3484.090087890625,-2703.666748046875,4635.65185546875,-7278.12451171875,-4719.89306640625,-4889.96484375,3605.68359375,1195.2718505859375,-3366.47021484375,51.6573600769043,3853.638916015625,5249.97705078125,17092.228515625,3492.832275390625,13127.3271484375,2347.62841796875,16756.853515625,-5156.19921875,-5134.7412109375,-3136.7939453125,-968.774169921875,-6166.29931640625,1517.136962890625,6620.0888671875,7551.51123046875,4106.36279296875,5617.9365234375,1028.3787841796875,6531.07958984375,-265.4393615722656,20373.662109375,-1540.978759765625,-0.0,-1273.949951171875,9578.8642578125,-1441.6376953125,487.9633483886719,2257.823974609375,9498.595703125,-5053.67919921875,3588.994384765625,-4935.2646484375,-434.716552734375,-237.6238555908203,10332.2666015625,-12328.625,-12286.50390625,-5726.01953125,-1204.0137939453125,254.31314086914062,-5823.77099609375,-1444.0218505859375,-425.1798095703125,-7645.2890625,4022.916259765625,1420.179931640625,1404.285400390625,-5285.73974609375,1057.78369140625,0.0,-2995.33203125,0.0,-2044.8367919921875,-0.0,-580.15185546875
-12036.9599609375,-10095.4375,-3644.62548828125,2291.20263671875,3302.097412109375,21106.40234375,-1660.1881103515625,3472.964111328125,-2717.17724609375,4613.3994140625,-7297.99267578125,-4717.5087890625,-4889.17041015625,3576.27880859375,1197.656005859375,-3376.007080078125,42.91534423828125,3844.10205078125,5237.26123046875,17073.154296875,3485.6796875,13116.2001953125,2338.091552734375,16744.13671875,-5164.146484375,-5193.5517578125,-3139.177978515625,-976.721435546875,-6167.888671875,1524.2894287109375,6609.7578125,7545.1533203125,4098.41552734375,5606.81005859375,1019.6367797851562,6517.56884765625,-273.3866271972656,20360.947265625,-1565.6153564453125,-0.0,-1278.7183837890625,9553.4326171875,-1447.2008056640625,477.63189697265625,2249.081787109375,9482.701171875,-5067.189453125,3600.915283203125,-4940.82763671875,-431.5376281738281,-236.03439331054688,10322.73046875,-12358.8251953125,-12292.0673828125,-5729.9931640625,-1207.1927490234375,259.0815124511719,-5853.17626953125,-1442.432373046875,-452.99530029296875,-7656.41552734375,4011.789794921875,1405.8748779296875,1368.522705078125,-5290.50830078125,1041.094482421875,0.0,-3023.1474609375,0.0,-2075.036376953125,-0.0,-617.504150390625
-12047.291015625,-10102.58984375,-3647.80419921875,2276.8974609375,3297.328857421875,21107.9921875,-1668.9300537109375,3465.8115234375,-2725.9189453125,4590.3525390625,-7299.58203125,-4713.53515625,-4884.40185546875,3565.947265625,1180.1719970703125,-3382.364990234375,42.91534423828125,3841.718017578125,5231.69873046875,17055.669921875,3482.500732421875,13116.2001953125,2333.3232421875,16740.1640625,-5166.53076171875,-5203.8828125,-3147.125244140625,-978.3109130859375,-6166.29931640625,1531.4420166015625,6607.37353515625,7547.537109375,4098.41552734375,5606.015625,1017.2525634765625,6516.7744140625,-280.5391845703125,20354.58984375,-1551.3101806640625,-0.0,-1283.4866943359375,9553.4326171875,-1451.9691162109375,473.6582336425781,2238.75048828125,9471.576171875,-5101.36279296875,3584.225830078125,-4947.185546875,-422.0008850097656,-251.928955078125,10318.755859375,-12370.74609375,-12293.65625,-5729.1982421875,-1205.603271484375,245.57113647460938,-5846.818359375,-1448.7901611328125,-464.1214904785156,-7664.3623046875,4009.405517578125,1396.338134765625,1343.09130859375,-5285.73974609375,1040.2998046875,0.0,-3027.916015625,0.0,-2088.546875,-0.0,-637.372314453125
-12036.1640625,-10089.8740234375,-3623.96240234375,2294.38134765625,3325.14453125,21136.6015625,-1645.088134765625,3492.03759765625,-2714.79296875,4614.98876953125,-7262.22998046875,-4694.4619140625,-4850.22900390625,3569.126220703125,1201.629638671875,-3357.728271484375,72.32030487060547,3871.123046875,5254.74560546875,17071.56640625,3509.521484375,13144.810546875,2358.75439453125,16768.7734375,-5134.7412109375,-5156.99365234375,-3121.69384765625,-954.4690551757812,-6144.046875,1570.3836669921875,6634.39404296875,7576.1474609375,4127.025390625,5634.6259765625,1046.6575927734375,6545.384765625,-258.28680419921875,20381.609375,-1513.9580078125,-0.0,-1256.4659423828125,9584.4267578125,-1426.537841796875,500.67901611328125,2254.64501953125,9500.98046875,-5078.31591796875,3601.7099609375,-4922.548828125,-399.74847412109375,-232.0607452392578,10343.392578125,-12343.724609375,-12255.509765625,-5706.94580078125,-1187.324462890625,278.1549987792969,-5815.029296875,-1449.5849609375,-428.35870361328125,-7637.341796875,4037.221435546875,1417.0010986328125,1351.03857421875,-5257.92431640625,1068.9100341796875,0.0,-2996.126953125,0.0,-2055.168212890625,-0.0,-609.5568237304688
-12033.7802734375,-10086.6953125,-3628.730712890625,2303.918212890625,3326.73388671875,21138.19140625,-1643.498779296875,3492.832275390625,-2730.6875,4603.06787109375,-7266.998046875,-4701.6142578125,-4840.69189453125,3534.157958984375,1221.4979248046875,-3357.728271484375,71.52557373046875,3874.302001953125,5253.95068359375,17051.697265625,3511.90576171875,13146.400390625,2361.933349609375,16770.36328125,-5132.35693359375,-5147.45703125,-3116.130859375,-956.8532104492188,-6145.63623046875,1574.357421875,6636.7783203125,7572.173828125,4124.6416015625,5634.6259765625,1046.6575927734375,6548.5634765625,-258.28680419921875,20381.609375,-1510.779052734375,-0.0,-1255.671142578125,9589.1953125,-1423.35888671875,499.8843078613281,2249.876708984375,9497.8017578125,-5067.189453125,3612.04150390625,-4920.16455078125,-408.4905090332031,-213.78199768066406,10348.1611328125,-12347.6982421875,-12253.9208984375,-5709.330078125,-1207.1927490234375,289.2812194824219,-5821.38671875,-1449.5849609375,-439.48492431640625,-7637.341796875,4038.015869140625,1409.8485107421875,1306.5338134765625,-5264.2822265625,1073.6783447265625,0.0,-3009.63720703125,0.0,-2068.6787109375,-0.0,-638.1670532226562
-12047.291015625,-10100.205078125,-3653.3671875,2286.43408203125,3298.91845703125,21115.14453125,-1667.340576171875,3470.579833984375,-2747.376708984375,4585.583984375,-7309.11865234375,-4718.3037109375,-4866.123046875,3527.00537109375,1184.1456298828125,-3368.8544921875,46.09425735473633,3850.4599609375,5231.69873046875,17033.41796875,3488.063720703125,13125.7373046875,2339.680908203125,16746.521484375,-5160.96728515625,-5166.53076171875,-3147.919921875,-971.1583251953125,-6171.06787109375,1533.826171875,6613.7314453125,7549.92138671875,4100.0048828125,5611.57861328125,1021.2262573242188,6526.3115234375,-282.9233703613281,20358.5625,-1537.005126953125,-0.0,-1281.1025390625,9568.5322265625,-1451.9691162109375,478.4266052246094,2230.00830078125,9476.34375,-5087.8525390625,3594.5576171875,-4953.54296875,-438.690185546875,-250.33950805664062,10329.8828125,-12354.8505859375,-12265.0458984375,-5734.76171875,-1250.90283203125,252.72369384765625,-5829.33447265625,-1473.4267578125,-461.7373046875,-7656.41552734375,4014.96875,1390.7750244140625,1297.7918701171875,-5292.892578125,1059.373291015625,0.0,-3027.916015625,0.0,-2086.957275390625,-0.0,-666.7772827148438
-12056.033203125,-10083.5166015625,-3658.930419921875,2280.076171875,3290.17626953125,21106.40234375,-1670.51953125,3466.606201171875,-2740.22412109375,4585.583984375,-7306.734375,-4713.53515625,-4878.0439453125,3550.052734375,1168.2509765625,-3376.8017578125,42.91534423828125,3846.486328125,5230.10888671875,17038.1875,3481.705810546875,13118.5849609375,2336.501953125,16743.341796875,-5176.8623046875,-5171.298828125,-3152.688232421875,-978.3109130859375,-6167.09375,1525.0841064453125,6609.7578125,7545.1533203125,4096.03125,5606.81005859375,1016.4578857421875,6520.748046875,-286.102294921875,20353.794921875,-1546.5418701171875,-0.0,-1289.844482421875,9562.96875,-1455.1480712890625,472.863525390625,2228.4189453125,9472.3701171875,-5100.568359375,3586.610107421875,-4958.3115234375,-452.2005615234375,-267.02880859375,10320.345703125,-12354.056640625,-12256.3046875,-5729.1982421875,-1236.59765625,243.98167419433594,-5815.029296875,-1475.0162353515625,-460.1478576660156,-7658.7998046875,4010.995361328125,1392.364501953125,1335.9388427734375,-5298.45556640625,1049.8365478515625,0.0,-3010.431884765625,0.0,-2076.625732421875,-0.0,-647.7037963867188
-12064.7744140625,-10063.6484375,-3650.983154296875,2272.129150390625,3296.5341796875,21107.197265625,-1672.1090087890625,3459.45361328125,-2744.19775390625,4547.43701171875,-7294.01904296875,-4708.76708984375,-4886.7861328125,3551.64208984375,1155.535400390625,-3392.6962890625,44.50480270385742,3845.691650390625,5227.724609375,17018.318359375,3482.500732421875,13117.7900390625,2334.91259765625,16741.751953125,-5166.53076171875,-5172.88818359375,-3153.483154296875,-983.8739624023438,-6169.47802734375,1533.826171875,6607.37353515625,7542.76904296875,4096.826171875,5606.015625,1020.4315185546875,6520.748046875,-288.4864807128906,20349.8203125,-1542.5682373046875,-0.0,-1285.076171875,9562.1748046875,-1453.55859375,469.6846008300781,2223.650634765625,9456.4755859375,-5095.0048828125,3578.662841796875,-4945.59619140625,-435.5112609863281,-275.77081298828125,10311.603515625,-12360.4130859375,-12240.41015625,-5729.9931640625,-1232.6240234375,237.6238555908203,-5827.7451171875,-1476.605712890625,-480.0160827636719,-7652.44140625,4008.611083984375,1381.23828125,1345.4755859375,-5299.25,1045.86279296875,0.0,-3010.431884765625,0.0,-2098.08349609375,-0.0,-655.651123046875
-12062.390625,-10074.7744140625,-3659.72509765625,2252.260986328125,3292.560546875,21097.66015625,-1678.466796875,3447.53271484375,-2750.5556640625,4541.8740234375,-7316.271484375,-4717.5087890625,-4890.759765625,3549.258056640625,1148.3828125,-3399.05419921875,35.762786865234375,3836.94970703125,5221.36669921875,17010.37109375,3476.142822265625,13112.2275390625,2327.760009765625,16732.216796875,-5172.88818359375,-5179.24658203125,-3159.046142578125,-995.000244140625,-6182.19384765625,1530.647216796875,6600.22119140625,7536.4111328125,4088.878662109375,5596.47900390625,1013.2789306640625,6512.80078125,-293.2548522949219,20341.873046875,-1564.02587890625,-0.0,-1289.844482421875,9555.0224609375,-1459.91650390625,460.1478576660156,2219.677001953125,9446.9384765625,-5098.978515625,3559.58935546875,-4951.9541015625,-450.6111145019531,-282.9233703613281,10298.888671875,-12386.6396484375,-12256.3046875,-5741.9140625,-1223.882080078125,235.2396697998047,-5838.87109375,-1474.2215576171875,-479.2213439941406,-7661.97802734375,4003.8427734375,1374.0858154296875,1336.7335205078125,-5307.99267578125,1037.120849609375,0.0,-3024.737060546875,0.0,-2099.673095703125,-0.0,-667.572021484375
-12071.1328125,-10106.5634765625,-3674.824951171875,2236.3662109375,3283.02392578125,21080.970703125,-1693.566650390625,3426.86962890625,-2768.83447265625,4518.8271484375,-7356.80224609375,-4738.96630859375,-4897.91259765625,3523.82666015625,1142.8197021484375,-3423.69091796875,17.48402976989746,3822.64453125,5206.26708984375,16988.912109375,3462.63232421875,13097.126953125,2314.249755859375,16716.322265625,-5180.8359375,-5175.2724609375,-3166.19873046875,-1012.4841918945312,-6187.7568359375,1502.831787109375,6585.12109375,7519.72216796875,4072.984130859375,5578.99462890625,999.7686157226562,6495.31689453125,-306.7652282714844,20323.595703125,-1587.86767578125,-0.0,-1302.5601806640625,9537.537109375,-1471.0426025390625,441.8691101074219,2202.98779296875,9426.2763671875,-5118.8466796875,3542.900146484375,-4959.9013671875,-471.2740478515625,-291.6654052734375,10276.634765625,-12401.740234375,-12285.708984375,-5749.06689453125,-1227.0609130859375,229.6765594482422,-5880.99169921875,-1490.910888671875,-507.8315734863281,-7682.6416015625,3988.742919921875,1355.0123291015625,1319.24951171875,-5327.8603515625,1022.0209350585938,0.0,-3043.015625,0.0,-2121.130615234375,-0.0,-676.3140258789062
-12076.6953125,-10125.63671875,-3679.59326171875,2232.392578125,3271.10302734375,21075.40625,-1703.8980712890625,3424.4853515625,-2773.602783203125,4518.8271484375,-7367.13427734375,-4750.88720703125,-4910.6279296875,3518.263671875,1135.667236328125,-3430.84326171875,8.74201488494873,3816.286865234375,5198.31982421875,16989.70703125,3455.47998046875,13089.974609375,2303.918212890625,16709.169921875,-5183.2197265625,-5187.193359375,-3186.86181640625,-1012.4841918945312,-6192.525390625,1475.0162353515625,6577.173828125,7507.80126953125,4066.6259765625,5574.2265625,991.0265502929688,6488.16455078125,-317.8914489746094,20318.826171875,-1598.993896484375,-0.0,-1310.5074462890625,9536.7431640625,-1484.552978515625,437.1007385253906,2195.835205078125,9425.48046875,-5124.41015625,3538.92626953125,-4991.68994140625,-478.4266052246094,-297.2284851074219,10275.0458984375,-12410.4814453125,-12300.80859375,-5755.42431640625,-1248.5185546875,223.31874084472656,-5878.607421875,-1495.67919921875,-514.1893920898438,-7692.17822265625,3983.974365234375,1350.243896484375,1308.91796875,-5325.47607421875,1014.868408203125,0.0,-3049.37353515625,0.0,-2126.69384765625,-0.0,-679.492919921875
-12089.412109375,-10132.7900390625,-3678.798583984375,2254.64501953125,3275.871337890625,21085.73828125,-1687.208740234375,3441.9697265625,-2752.93994140625,4556.97412109375,-7340.11328125,-4734.9931640625,-4885.99169921875,3531.77392578125,1160.3037109375,-3409.3857421875,15.09984302520752,3823.439453125,5211.830078125,17024.67578125,3458.658935546875,13098.716796875,2314.249755859375,16720.294921875,-5205.47265625,-5181.63037109375,-3175.7353515625,-1004.5369873046875,-6178.22021484375,1475.81103515625,6584.326171875,7514.15869140625,4070.60009765625,5583.76318359375,996.5896606445312,6500.08544921875,-301.9968566894531,20334.720703125,-1595.8150634765625,-0.0,-1315.2757568359375,9551.0478515625,-1472.632080078125,448.2269287109375,2215.703369140625,9452.501953125,-5112.4892578125,3561.178955078125,-5054.4736328125,-468.09515380859375,-273.3866271972656,10294.9140625,-12430.3505859375,-12292.8623046875,-5741.9140625,-1258.0552978515625,239.2133026123047,-5859.53369140625,-1466.2742919921875,-491.9369812011719,-7688.2041015625,3995.1005859375,1372.4962158203125,1330.375732421875,-5313.55517578125,1021.2262573242188,0.0,-3046.989501953125,0.0,-2115.5673828125,-0.0,-652.47216796875
-12105.3056640625,-10147.888671875,-3646.21484375,2288.818359375,3317.991943359375,21106.40234375,-1657.8038330078125,3472.964111328125,-2711.614013671875,4622.93603515625,-7321.03955078125,-4719.0986328125,-4887.5810546875,3569.126220703125,1176.9930419921875,-3383.15966796875,40.531158447265625,3847.28125,5242.02978515625,17081.896484375,3488.063720703125,13122.55859375,2346.038818359375,16746.521484375,-5181.63037109375,-5172.09375,-3147.919921875,-980.6951293945312,-6175.041015625,1504.4212646484375,6609.7578125,7536.4111328125,4095.236328125,5608.39990234375,1029.1734619140625,6523.92724609375,-271.79718017578125,20362.53515625,-1557.6680908203125,-0.0,-1282.69189453125,9566.1474609375,-1436.0745849609375,472.863525390625,2248.287109375,9489.0595703125,-5080.69970703125,3596.941650390625,-4999.6376953125,-452.2005615234375,-255.90261840820312,10321.9345703125,-12412.865234375,-12278.556640625,-5737.14599609375,-1223.882080078125,247.955322265625,-5840.46044921875,-1450.3797607421875,-449.8163757324219,-7677.873046875,4021.32666015625,1409.0538330078125,1369.3173828125,-5310.37646484375,1031.5577392578125,0.0,-3033.47900390625,0.0,-2079.010009765625,-0.0,-596.0464477539062
-12062.390625,-10102.58984375,-3619.194091796875,2310.276123046875,3358.523193359375,21130.244140625,-1626.8094482421875,3505.5478515625,-2675.056396484375,4669.8251953125,-7290.84033203125,-4695.2568359375,-4900.296875,3606.478515625,1201.629638671875,-3352.9599609375,72.32030487060547,3877.480712890625,5275.408203125,17126.40234375,3519.852783203125,13151.1689453125,2379.41748046875,16774.3359375,-5133.15185546875,-5152.2255859375,-3117.720458984375,-953.67431640625,-6165.50439453125,1560.846923828125,6639.95751953125,7569.7900390625,4128.61474609375,5636.21533203125,1063.346923828125,6550.1533203125,-239.2133026123047,20393.529296875,-1506.805419921875,-0.0,-1248.5185546875,9588.400390625,-1397.1328125,502.26849365234375,2278.487060546875,9524.822265625,-5061.62646484375,3617.6044921875,-4913.80712890625,-406.1063232421875,-232.0607452392578,10353.724609375,-12362.7978515625,-12250.7412109375,-5729.9931640625,-1183.3509521484375,263.05517578125,-5817.4130859375,-1434.485107421875,-411.6694030761719,-7652.44140625,4053.91064453125,1446.406005859375,1408.259033203125,-5293.6875,1058.5784912109375,0.0,-3009.63720703125,0.0,-2039.2735595703125,-0.0,-561.8731079101562
-12059.2119140625,-10090.6689453125,-3635.088623046875,2288.023681640625,3323.554931640625,21115.14453125,-1642.7039794921875,3484.090087890625,-2705.256103515625,4618.962890625,-7274.94580078125,-4709.56201171875,-4876.45458984375,3566.741943359375,1214.3453369140625,-3355.343994140625,59.604644775390625,3859.996826171875,5257.1298828125,17077.126953125,3502.368896484375,13132.8896484375,2357.959716796875,16757.646484375,-5146.662109375,-5180.8359375,-3116.130859375,-963.2110595703125,-6169.47802734375,1566.4100341796875,6622.47314453125,7560.2529296875,4114.3095703125,5617.9365234375,1039.5050048828125,6532.6689453125,-255.90261840820312,20376.046875,-1515.54736328125,-0.0,-1269.181640625,9564.55859375,-1423.35888671875,485.57916259765625,2261.002685546875,9497.0068359375,-5075.931640625,3596.146728515625,-4896.32275390625,-418.82196044921875,-220.1398162841797,10338.6240234375,-12350.08203125,-12255.509765625,-5733.171875,-1194.47705078125,272.5919189453125,-5832.51318359375,-1442.432373046875,-437.89544677734375,-7664.3623046875,4036.426513671875,1423.35888671875,1358.191162109375,-5307.99267578125,1050.6312255859375,0.0,-3023.942138671875,0.0,-2062.32080078125,-0.0,-627.8355712890625
-12106.8955078125,-10116.1005859375,-3668.46728515625,2244.3134765625,3255.208251953125,21069.845703125,-1698.3350830078125,3421.306640625,-2769.629150390625,4510.87939453125,-7297.99267578125,-4752.47705078125,-4876.45458984375,3515.87939453125,1173.0194091796875,-3430.84326171875,18.278757095336914,3809.928955078125,5200.7041015625,16979.375,3455.47998046875,13087.58984375,2297.560546875,16704.400390625,-5188.783203125,-5216.5986328125,-3155.072509765625,-1018.8421020507812,-6181.39892578125,1527.4683837890625,6577.173828125,7517.337890625,4072.189453125,5577.4052734375,984.668701171875,6484.1904296875,-311.5335998535156,20317.236328125,-1568.794189453125,-0.0,-1309.7127685546875,9522.4384765625,-1497.2686767578125,431.5376281738281,2205.371826171875,9423.0966796875,-5094.2099609375,3551.64208984375,-4920.95947265625,-464.1214904785156,-261.4656982421875,10270.2783203125,-12388.2294921875,-12298.4248046875,-5743.50341796875,-1242.1607666015625,257.4920654296875,-5883.37548828125,-1483.75830078125,-512.5999755859375,-7696.15185546875,3982.38525390625,1355.8070068359375,1282.69189453125,-5319.91357421875,1006.921142578125,0.0,-3054.14208984375,0.0,-2123.514892578125,-0.0,-717.639892578125
-12094.1796875,-10142.326171875,-3678.00390625,2244.3134765625,3257.592529296875,21069.845703125,-1703.1033935546875,3417.3330078125,-2772.80810546875,4491.01123046875,-7302.76123046875,-4765.1923828125,-4888.3759765625,3518.263671875,1153.9459228515625,-3440.380126953125,11.920928955078125,3805.16064453125,5197.52490234375,16968.25,3452.301025390625,13087.58984375,2295.970947265625,16700.42578125,-5192.7568359375,-5194.34619140625,-3169.377685546875,-1025.99462890625,-6180.6044921875,1510.779052734375,6575.58447265625,7507.00634765625,4066.6259765625,5577.4052734375,983.8739624023438,6481.80615234375,-317.0967102050781,20311.673828125,-1578.3310546875,-0.0,-1314.4810791015625,9528.7958984375,-1494.884521484375,429.1534423828125,2201.398193359375,9415.9443359375,-5098.978515625,3550.847412109375,-4955.1328125,-470.4793395996094,-281.33392333984375,10268.6884765625,-12399.35546875,-12316.7041015625,-5741.9140625,-1262.82373046875,246.36587524414062,-5881.7861328125,-1482.963623046875,-531.6734619140625,-7700.125,3980.79541015625,1347.8597412109375,1285.076171875,-5309.58154296875,1008.5106201171875,0.0,-3058.910400390625,0.0,-2133.051513671875,-0.0,-700.1558837890625
-12081.4638671875,-10170.9365234375,-3674.824951171875,2257.029296875,3267.129150390625,21070.638671875,-1695.9508056640625,3428.459228515625,-2764.06591796875,4525.1845703125,-7299.58203125,-4758.8349609375,-4891.55419921875,3515.87939453125,1160.3037109375,-3419.717041015625,15.09984302520752,3811.518310546875,5207.0615234375,16993.681640625,3456.274658203125,13092.3583984375,2303.12353515625,16707.578125,-5185.60400390625,-5188.783203125,-3165.404052734375,-1022.0209350585938,-6178.22021484375,1494.0897216796875,6581.1474609375,7506.2119140625,4070.60009765625,5582.173828125,991.8212890625,6485.7802734375,-308.3547058105469,20321.2109375,-1573.5626220703125,-0.0,-1308.123291015625,9535.1533203125,-1483.75830078125,429.94818115234375,2209.345458984375,9434.2236328125,-5111.6943359375,3561.9736328125,-4955.1328125,-490.3475646972656,-275.77081298828125,10280.609375,-12385.8447265625,-12334.1875,-5740.32470703125,-1273.949951171875,238.4185791015625,-5892.91259765625,-1475.81103515625,-505.4473876953125,-7700.919921875,3988.742919921875,1362.95947265625,1293.818115234375,-5304.0185546875,1019.6367797851562,0.0,-3052.552490234375,0.0,-2124.3095703125,-0.0,-684.2613525390625
-12106.1005859375,-10190.8046875,-3693.103759765625,2246.69775390625,3256.7978515625,21058.716796875,-1701.513916015625,3423.69091796875,-2767.2451171875,4529.158203125,-7303.55615234375,-4760.42431640625,-4890.759765625,3504.753173828125,1157.9195556640625,-3429.25390625,9.5367431640625,3803.571044921875,5202.29345703125,16995.271484375,3447.53271484375,13083.6171875,2297.560546875,16699.6328125,-5202.29345703125,-5195.935546875,-3171.76171875,-1025.99462890625,-6181.39892578125,1454.353271484375,6573.2001953125,7502.23779296875,4061.857666015625,5574.2265625,981.4898071289062,6476.24365234375,-314.7125244140625,20314.8515625,-1571.178466796875,-0.0,-1321.6336669921875,9523.232421875,-1490.1160888671875,424.38507080078125,2206.16650390625,9431.8388671875,-5134.7412109375,3552.436767578125,-4973.41162109375,-495.1159362792969,-278.1549987792969,10273.45703125,-12395.3818359375,-12354.056640625,-5743.50341796875,-1308.123291015625,241.5974884033203,-5913.57568359375,-1473.4267578125,-507.036865234375,-7715.22509765625,3978.4111328125,1360.5753173828125,1289.0498046875,-5307.19775390625,1008.5106201171875,0.0,-3058.11572265625,0.0,-2134.640869140625,-0.0,-698.56640625
-12121.9951171875,-10184.447265625,-3704.22998046875,2247.492431640625,3253.618896484375,21057.12890625,-1705.487548828125,3417.3330078125,-2768.039794921875,4521.2109375,-7319.4501953125,-4759.6298828125,-4905.06494140625,3504.753173828125,1154.74072265625,-3434.022216796875,8.74201488494873,3798.008056640625,5196.72998046875,16996.064453125,3440.380126953125,13080.4375,2291.997314453125,16694.068359375,-5209.44580078125,-5197.52490234375,-3172.556640625,-1035.5313720703125,-6182.19384765625,1452.763916015625,6567.63720703125,7505.4169921875,4055.5,5574.2265625,974.3372802734375,6473.859375,-318.6861572265625,20310.87890625,-1552.899658203125,-0.0,-1328.7862548828125,9521.6435546875,-1493.2950439453125,418.0272521972656,2202.98779296875,9424.6865234375,-5138.71533203125,3554.821044921875,-4975.0009765625,-491.14227294921875,-280.5391845703125,10267.8935546875,-12419.2236328125,-12369.9501953125,-5743.50341796875,-1289.844482421875,232.85548400878906,-5892.1181640625,-1473.4267578125,-517.3682861328125,-7724.76171875,3974.437744140625,1357.396484375,1298.5865478515625,-5313.55517578125,995.794921875,0.0,-3066.06298828125,0.0,-2143.383056640625,-0.0,-705.718994140625
-12142.658203125,-10179.6787109375,-3710.587646484375,2221.2666015625,3240.1083984375,21030.107421875,-1726.9453125,3387.13330078125,-2791.0869140625,4494.1904296875,-7360.7763671875,-4781.8818359375,-4934.4697265625,3488.8583984375,1142.8197021484375,-3467.40087890625,-15.09984302520752,3773.371337890625,5172.88818359375,16970.634765625,3422.896240234375,13054.2119140625,2269.744873046875,16669.431640625,-5204.677734375,-5266.66650390625,-3185.272216796875,-1064.936279296875,-6211.5986328125,1451.9691162109375,6543.794921875,7479.19091796875,4037.221435546875,5548.79541015625,953.67431640625,6447.63330078125,-340.9385681152344,20285.447265625,-1608.5306396484375,-0.0,-1340.7071533203125,9492.23828125,-1509.984375,392.5959167480469,2177.556396484375,9395.2822265625,-5151.4306640625,3529.3896484375,-4985.33251953125,-500.67901611328125,-294.0495910644531,10236.1044921875,-12447.0400390625,-12385.05078125,-5772.90869140625,-1281.897216796875,227.29237365722656,-5922.3173828125,-1506.805419921875,-553.9258422851562,-7743.04052734375,3952.18505859375,1332.7598876953125,1277.923583984375,-5346.93408203125,977.5161743164062,0.0,-3085.136474609375,0.0,-2161.661865234375,-0.0,-720.81884765625
-12129.1474609375,-10181.267578125,-3708.99853515625,2204.5771484375,3234.54541015625,21024.544921875,-1735.687255859375,3382.364990234375,-2808.57080078125,4473.52734375,-7366.33935546875,-4783.4716796875,-4936.85400390625,3465.8115234375,1126.9251708984375,-3472.964111328125,-23.047128677368164,3767.013671875,5165.73583984375,16945.203125,3416.538330078125,13047.05859375,2264.181884765625,16662.279296875,-5210.24072265625,-5273.81884765625,-3194.014404296875,-1066.5257568359375,-6216.3671875,1462.3006591796875,6536.642578125,7474.42236328125,4033.24755859375,5536.87451171875,948.1112060546875,6441.27490234375,-348.09112548828125,20279.08984375,-1622.0411376953125,-0.0,-1341.5018310546875,9481.1123046875,-1517.931640625,388.6222839355469,2166.43017578125,9387.333984375,-5156.19921875,3513.4951171875,-4990.10107421875,-503.0632019042969,-309.1494140625,10232.130859375,-12449.423828125,-12353.2607421875,-5777.67724609375,-1268.3868408203125,221.72927856445312,-5923.90673828125,-1510.779052734375,-569.0256958007812,-7735.88818359375,3944.23828125,1321.6336669921875,1254.081787109375,-5354.08642578125,971.9530639648438,0.0,-3092.2890625,0.0,-2189.477294921875,-0.0,-734.3292236328125
-12075.9013671875,-10159.810546875,-3697.8720703125,2235.571533203125,3254.41357421875,21051.564453125,-1705.487548828125,3414.154052734375,-2784.72900390625,4498.16357421875,-7327.39794921875,-4758.0400390625,-4906.654296875,3486.474365234375,1166.66162109375,-3443.558837890625,2.384185791015625,3794.0341796875,5195.140625,16972.22265625,3440.380126953125,13074.875,2291.20263671875,16690.888671875,-5205.47265625,-5229.314453125,-3162.22509765625,-1037.120849609375,-6190.935546875,1498.0634765625,6562.07421875,7505.4169921875,4054.705078125,5563.10009765625,972.747802734375,6471.47509765625,-320.275634765625,20308.494140625,-1591.84130859375,-0.0,-1326.402099609375,9512.9013671875,-1490.910888671875,415.64306640625,2196.6298828125,9422.302734375,-5137.92041015625,3545.2841796875,-4976.5908203125,-476.04241943359375,-267.82354736328125,10263.125,-12401.740234375,-12312.7294921875,-5752.24560546875,-1233.4188232421875,251.13424682617188,-5894.501953125,-1475.0162353515625,-514.1893920898438,-7708.07275390625,3969.66943359375,1352.6280517578125,1268.3868408203125,-5319.11865234375,998.973876953125,0.0,-3072.4208984375,0.0,-2155.303955078125,-0.0,-719.2293701171875
-12063.98046875,-10139.9423828125,-3708.20361328125,2229.213623046875,3252.029296875,21049.181640625,-1702.30859375,3407.796142578125,-2775.1923828125,4514.85302734375,-7328.1923828125,-4758.8349609375,-4899.501953125,3486.474365234375,1186.52978515625,-3434.022216796875,3.9736428260803223,3792.44482421875,5197.52490234375,16978.58203125,3438.79052734375,13074.080078125,2290.407958984375,16688.505859375,-5216.5986328125,-5230.10888671875,-3159.046142578125,-1041.094482421875,-6190.14111328125,1493.2950439453125,6563.66357421875,7504.6220703125,4053.91064453125,5563.10009765625,972.747802734375,6467.5009765625,-317.0967102050781,20306.111328125,-1582.3045654296875,-0.0,-1332.7598876953125,9510.517578125,-1490.910888671875,410.0799560546875,2204.5771484375,9418.328125,-5138.71533203125,3538.92626953125,-4980.56396484375,-485.57916259765625,-250.33950805664062,10257.5615234375,-12375.513671875,-12319.8828125,-5753.04052734375,-1249.3133544921875,262.26043701171875,-5885.759765625,-1464.684814453125,-512.5999755859375,-7717.609375,3971.258544921875,1355.8070068359375,1274.74462890625,-5318.32373046875,1002.9474487304688,0.0,-3065.268310546875,0.0,-2135.435791015625,-0.0,-705.718994140625
-12050.4697265625,-10113.7158203125,-3694.693359375,2232.392578125,3259.9765625,21068.25390625,-1692.77197265625,3433.2275390625,-2742.6083984375,4563.33154296875,-7332.166015625,-4734.9931640625,-4901.8857421875,3544.489501953125,1157.9195556640625,-3408.591064453125,15.894571304321289,3807.544677734375,5215.00927734375,17020.703125,3451.50634765625,13088.3857421875,2302.328857421875,16707.578125,-5205.47265625,-5208.65087890625,-3166.19873046875,-1017.2525634765625,-6190.935546875,1505.2159423828125,6577.96875,7517.337890625,4066.6259765625,5577.4052734375,986.2581787109375,6484.9853515625,-307.5599670410156,20326.7734375,-1579.92041015625,-0.0,-1321.6336669921875,9525.6162109375,-1484.552978515625,431.5376281738281,2218.88232421875,9446.9384765625,-5118.05224609375,3542.10546875,-4982.1533203125,-469.6846008300781,-277.36029052734375,10283.7880859375,-12361.208984375,-12298.4248046875,-5754.62939453125,-1239.776611328125,237.6238555908203,-5852.38134765625,-1472.632080078125,-483.9897155761719,-7701.71484375,3985.563720703125,1381.23828125,1327.991455078125,-5318.32373046875,1025.199951171875,0.0,-3026.326416015625,0.0,-2098.08349609375,-0.0,-656.44580078125
-12052.0595703125,-10101.0009765625,-3666.877685546875,2241.134765625,3283.02392578125,21092.095703125,-1669.724853515625,3462.63232421875,-2713.998046875,4595.12109375,-7325.80810546875,-4711.94580078125,-4893.9384765625,3581.841796875,1173.814208984375,-3383.954345703125,34.1733283996582,3828.207763671875,5239.6455078125,17055.669921875,3472.964111328125,13108.25390625,2324.5810546875,16732.216796875,-5173.68310546875,-5180.8359375,-3145.53564453125,-987.0529174804688,-6179.0146484375,1520.3157958984375,6597.0419921875,7533.232421875,4085.699462890625,5594.88916015625,1006.1264038085938,6508.0322265625,-284.5128479003906,20355.3828125,-1563.2310791015625,-0.0,-1293.818115234375,9547.07421875,-1461.505859375,459.3531188964844,2242.72412109375,9479.5224609375,-5106.130859375,3546.873779296875,-4961.49072265625,-449.02166748046875,-259.8762512207031,10316.3720703125,-12385.05078125,-12265.841796875,-5740.32470703125,-1227.855712890625,257.4920654296875,-5826.9501953125,-1444.816650390625,-454.5847473144531,-7688.2041015625,4007.81640625,1409.0538330078125,1360.5753173828125,-5309.58154296875,1048.2469482421875,0.0,-3006.458251953125,0.0,-2069.47314453125,-0.0,-622.2724609375
-12081.4638671875,-10108.947265625,-3666.0830078125,2236.3662109375,3287.792236328125,21098.455078125,-1660.9827880859375,3477.732421875,-2702.0771484375,4610.22021484375,-7322.62939453125,-4708.76708984375,-4906.654296875,3594.5576171875,1189.708740234375,-3356.93359375,34.96805953979492,3831.386474609375,5246.7978515625,17070.76953125,3476.9375,13111.431640625,2326.96533203125,16739.369140625,-5169.70947265625,-5184.0146484375,-3133.61474609375,-973.5425415039062,-6188.55126953125,1519.5211181640625,6600.22119140625,7534.02734375,4088.083740234375,5597.2734375,1009.3053588867188,6512.80078125,-275.77081298828125,20364.126953125,-1552.899658203125,-0.0,-1292.228759765625,9550.25390625,-1455.1480712890625,469.6846008300781,2253.850341796875,9493.033203125,-5114.87353515625,3544.489501953125,-4956.72216796875,-441.8691101074219,-244.77639770507812,10331.4716796875,-12386.6396484375,-12255.509765625,-5752.24560546875,-1224.6767578125,266.23406982421875,-5815.029296875,-1434.485107421875,-445.0480041503906,-7688.9990234375,4014.174072265625,1420.179931640625,1374.0858154296875,-5302.42919921875,1056.989013671875,0.0,-3000.895263671875,0.0,-2064.704833984375,-0.0,-611.9410400390625
-12066.3642578125,-10081.1318359375,-3637.472900390625,2279.28173828125,3314.018310546875,21127.859375,-1632.37255859375,3509.521484375,-2670.2880859375,4645.18896484375,-7279.7138671875,-4684.13037109375,-4877.2490234375,3646.21484375,1206.39794921875,-3338.65478515625,63.578285217285156,3860.79150390625,5278.58740234375,17106.533203125,3503.95849609375,13141.6318359375,2356.3701171875,16768.7734375,-5153.0205078125,-5157.78857421875,-3108.978271484375,-947.3164672851562,-6167.888671875,1555.283935546875,6629.6259765625,7565.021484375,4119.078125,5625.8837890625,1040.2998046875,6541.4111328125,-247.955322265625,20395.12109375,-1517.931640625,-0.0,-1268.3868408203125,9577.2744140625,-1430.511474609375,500.67901611328125,2281.665771484375,9528.0009765625,-5079.9052734375,3588.994384765625,-4926.52294921875,-407.6957702636719,-228.0871124267578,10360.876953125,-12335.77734375,-12228.4892578125,-5729.1982421875,-1191.298095703125,258.28680419921875,-5794.3662109375,-1424.9483642578125,-402.9273986816406,-7654.03125,4042.7841796875,1451.9691162109375,1417.7957763671875,-5271.4345703125,1099.109619140625,0.0,-2963.54296875,0.0,-2029.73681640625,-0.0,-578.5624389648438
-12032.9853515625,-10090.6689453125,-3636.677978515625,2282.46044921875,3313.2236328125,21122.296875,-1636.34619140625,3497.6005859375,-2682.208984375,4627.70458984375,-7270.9716796875,-4682.541015625,-4851.0234375,3623.167724609375,1202.4244384765625,-3361.701904296875,63.578285217285156,3858.4072265625,5270.64013671875,17089.048828125,3504.753173828125,13139.248046875,2354.781005859375,16764.005859375,-5153.81494140625,-5158.5830078125,-3110.56787109375,-956.8532104492188,-6151.994140625,1564.8206787109375,6627.24169921875,7565.021484375,4119.078125,5625.08935546875,1037.91552734375,6537.4375,-252.72369384765625,20387.171875,-1530.647216796875,-0.0,-1269.181640625,9573.30078125,-1432.8956298828125,491.14227294921875,2276.102783203125,9516.080078125,-5075.13671875,3589.7890625,-4923.34375,-418.0272521972656,-232.85548400878906,10344.982421875,-12326.240234375,-12240.41015625,-5710.125,-1196.0665283203125,262.26043701171875,-5804.69775390625,-1430.511474609375,-411.6694030761719,-7654.03125,4040.400146484375,1441.6376953125,1404.285400390625,-5255.54052734375,1091.95703125,0.0,-2970.695556640625,0.0,-2032.1209716796875,-0.0,-588.0991821289062
-12048.0849609375,-10119.279296875,-3666.877685546875,2251.466064453125,3283.818603515625,21090.5078125,-1668.13525390625,3466.606201171875,-2713.203369140625,4596.7099609375,-7307.529296875,-4710.3564453125,-4871.6865234375,3586.610107421875,1170.63525390625,-3385.5439453125,34.1733283996582,3827.412841796875,5238.85107421875,17060.4375,3472.964111328125,13106.6640625,2326.170654296875,16733.01171875,-5178.45166015625,-5192.7568359375,-3144.740966796875,-986.2581787109375,-6167.888671875,1533.826171875,6597.0419921875,7536.4111328125,4088.083740234375,5593.2998046875,1006.1264038085938,6508.0322265625,-282.128662109375,20358.5625,-1548.926025390625,-0.0,-1296.2022705078125,9539.921875,-1465.4794921875,462.53204345703125,2245.903076171875,9485.880859375,-5086.26318359375,3559.58935546875,-4955.92724609375,-441.8691101074219,-265.4393615722656,10317.166015625,-12364.3876953125,-12279.3515625,-5729.1982421875,-1221.4979248046875,244.77639770507812,-5832.51318359375,-1450.3797607421875,-446.6374816894531,-7689.7939453125,4009.405517578125,1410.6431884765625,1370.112060546875,-5284.94482421875,1049.041748046875,0.0,-3000.895263671875,0.0,-2063.115478515625,-0.0,-619.0935668945312
-12077.4912109375,-10116.89453125,-3660.519775390625,2249.081787109375,3284.61328125,21096.0703125,-1672.1090087890625,3468.195556640625,-2717.17724609375,4592.73681640625,-7321.83447265625,-4715.12451171875,-4897.11767578125,3580.25244140625,1161.8931884765625,-3382.364990234375,30.994415283203125,3827.412841796875,5237.26123046875,17056.46484375,3473.7587890625,13106.6640625,2323.786376953125,16733.8046875,-5173.68310546875,-5188.783203125,-3149.509521484375,-980.6951293945312,-6176.63037109375,1526.6737060546875,6596.2470703125,7532.43798828125,4087.289306640625,5592.5048828125,1005.3316650390625,6510.41650390625,-285.30755615234375,20358.5625,-1549.720703125,-0.0,-1292.228759765625,9542.3056640625,-1469.4532470703125,466.50567626953125,2241.134765625,9483.4970703125,-5084.67333984375,3558.794677734375,-4959.1064453125,-429.94818115234375,-273.3866271972656,10319.55078125,-12374.71875,-12288.09375,-5737.9404296875,-1223.0872802734375,241.5974884033203,-5826.9501953125,-1455.9427490234375,-458.55841064453125,-7696.94677734375,4008.611083984375,1409.8485107421875,1361.3701171875,-5298.45556640625,1045.068115234375,0.0,-3013.61083984375,0.0,-2076.625732421875,-0.0,-627.8355712890625
-12088.6162109375,-10108.1533203125,-3654.956787109375,2249.876708984375,3292.560546875,21107.197265625,-1662.572265625,3477.732421875,-2709.229736328125,4601.478515625,-7310.70849609375,-4707.177734375,-4890.759765625,3588.994384765625,1179.377197265625,-3379.980712890625,38.14697265625,3835.3603515625,5246.00341796875,17066.001953125,3480.11669921875,13116.2001953125,2331.733642578125,16741.751953125,-5169.70947265625,-5171.298828125,-3135.9990234375,-972.747802734375,-6177.42529296875,1528.2630615234375,6603.39990234375,7536.4111328125,4094.44189453125,5600.45263671875,1012.4841918945312,6521.54296875,-275.77081298828125,20366.509765625,-1537.005126953125,-0.0,-1286.66552734375,9558.9951171875,-1459.91650390625,475.2477111816406,2249.876708984375,9491.443359375,-5098.978515625,3557.205078125,-4948.77490234375,-432.3323669433594,-257.4920654296875,10325.908203125,-12377.1025390625,-12283.3251953125,-5738.7353515625,-1223.882080078125,251.13424682617188,-5826.9501953125,-1445.611328125,-449.02166748046875,-7688.9990234375,4016.55810546875,1419.38525390625,1366.9332275390625,-5303.22412109375,1056.989013671875,0.0,-3002.484619140625,0.0,-2069.47314453125,-0.0,-621.477783203125
-12098.1533203125,-10143.12109375,-3666.0830078125,2240.340087890625,3283.02392578125,21096.865234375,-1669.724853515625,3464.221923828125,-2721.945556640625,4592.73681640625,-7313.0927734375,-4731.01953125,-4877.2490234375,3569.9208984375,1184.9403076171875,-3389.517578125,27.02077293395996,3825.028564453125,5236.466796875,17052.4921875,3469.784912109375,13109.8427734375,2323.786376953125,16732.216796875,-5187.98828125,-5159.3779296875,-3137.58837890625,-985.4635009765625,-6178.22021484375,1494.0897216796875,6594.65771484375,7522.90087890625,4084.1103515625,5590.12060546875,1004.5369873046875,6510.41650390625,-286.89703369140625,20353.794921875,-1546.5418701171875,-0.0,-1300.970703125,9558.201171875,-1467.0689697265625,461.7373046875,2242.72412109375,9478.728515625,-5112.4892578125,3543.69482421875,-4955.1328125,-483.9897155761719,-252.72369384765625,10311.603515625,-12381.87109375,-12312.7294921875,-5740.32470703125,-1281.1025390625,260.6709899902344,-5844.43408203125,-1451.1744384765625,-458.55841064453125,-7699.33056640625,4007.021484375,1408.259033203125,1349.44921875,-5312.7607421875,1047.4522705078125,0.0,-3009.63720703125,0.0,-2075.8310546875,-0.0,-635.7828979492188
-12102.921875,-10195.5732421875,-3668.46728515625,2256.234375,3283.818603515625,21096.865234375,-1672.9036865234375,3464.221923828125,-2727.508544921875,4584.7890625,-7308.32421875,-4742.1455078125,-4889.96484375,3556.41064453125,1173.814208984375,-3387.927978515625,22.25240135192871,3825.028564453125,5235.671875,17046.1328125,3468.195556640625,13109.0478515625,2322.197021484375,16732.216796875,-5191.16748046875,-5156.99365234375,-3137.58837890625,-983.0792846679688,-6179.0146484375,1469.4532470703125,6593.068359375,7514.95361328125,4079.341796875,5586.9423828125,1001.3580322265625,6509.6220703125,-288.4864807128906,20352.205078125,-1560.846923828125,-0.0,-1301.765380859375,9558.201171875,-1466.2742919921875,465.7109680175781,2237.955810546875,9475.548828125,-5114.87353515625,3561.9736328125,-4956.72216796875,-453.7900390625,-260.6709899902344,10314.7822265625,-12382.6669921875,-12346.9033203125,-5742.70849609375,-1294.6129150390625,248.75006103515625,-5852.38134765625,-1450.3797607421875,-466.50567626953125,-7704.09912109375,4005.43212890625,1404.285400390625,1340.7071533203125,-5306.40283203125,1053.015380859375,0.0,-3023.1474609375,0.0,-2089.34130859375,-0.0,-646.1143798828125
-12108.4853515625,-10223.388671875,-3665.288330078125,2270.53955078125,3282.229248046875,21092.892578125,-1676.8773193359375,3466.606201171875,-2730.6875,4579.22607421875,-7319.4501953125,-4748.50341796875,-4901.8857421875,3553.2314453125,1156.330078125,-3383.15966796875,22.25240135192871,3822.64453125,5234.08251953125,17042.16015625,3465.0166015625,13106.6640625,2319.812744140625,16732.216796875,-5184.0146484375,-5163.3515625,-3143.9462890625,-981.4898071289062,-6190.935546875,1460.711181640625,6590.6845703125,7515.74853515625,4075.368408203125,5585.3525390625,998.973876953125,6507.23779296875,-290.075927734375,20352.998046875,-1561.6417236328125,-0.0,-1300.176025390625,9552.6376953125,-1468.658447265625,467.3004150390625,2233.982177734375,9479.5224609375,-5095.7998046875,3578.662841796875,-4959.9013671875,-443.45855712890625,-275.77081298828125,10318.755859375,-12392.203125,-12367.56640625,-5753.8349609375,-1264.4132080078125,232.85548400878906,-5842.8447265625,-1452.763916015625,-464.9162292480469,-7715.22509765625,4004.63720703125,1403.49072265625,1336.7335205078125,-5311.9658203125,1039.5050048828125,0.0,-3038.247314453125,0.0,-2101.262451171875,-0.0,-650.8826904296875
-12105.3056640625,-10179.6787109375,-3664.49365234375,2272.129150390625,3283.02392578125,21086.53515625,-1674.4931640625,3463.42724609375,-2733.866455078125,4582.4052734375,-7350.44482421875,-4750.0927734375,-4885.99169921875,3550.847412109375,1173.814208984375,-3381.570068359375,23.047128677368164,3821.849853515625,5234.08251953125,17041.365234375,3465.8115234375,13103.4853515625,2317.4287109375,16729.83203125,-5168.9150390625,-5180.041015625,-3140.767333984375,-993.4107055664062,-6194.11474609375,1471.83740234375,6588.30029296875,7518.92724609375,4078.547119140625,5584.55810546875,1002.1527709960938,6506.44287109375,-287.6917419433594,20351.41015625,-1544.1575927734375,-0.0,-1296.2022705078125,9545.4853515625,-1467.8636474609375,461.7373046875,2235.571533203125,9478.728515625,-5102.15771484375,3581.047119140625,-4961.49072265625,-449.8163757324219,-261.4656982421875,10313.193359375,-12414.455078125,-12358.8251953125,-5758.603515625,-1269.181640625,251.13424682617188,-5819.79736328125,-1447.9954833984375,-450.6111145019531,-7719.19873046875,4003.0478515625,1403.49072265625,1336.7335205078125,-5318.32373046875,1020.4315185546875,0.0,-3027.121337890625,0.0,-2090.13623046875,-0.0,-645.3196411132812
-12098.1533203125,-10123.2529296875,-3661.314697265625,2246.69775390625,3287.792236328125,21079.3828125,-1669.724853515625,3453.890625,-2731.482177734375,4588.7626953125,-7358.39208984375,-4734.1982421875,-4878.8388671875,3546.078857421875,1186.52978515625,-3403.02783203125,21.457672119140625,3821.849853515625,5235.671875,17047.724609375,3468.990234375,13099.5107421875,2320.607421875,16729.037109375,-5160.96728515625,-5224.5458984375,-3135.204345703125,-1000.5632934570312,-6192.525390625,1498.0634765625,6588.30029296875,7519.72216796875,4080.13671875,5581.37890625,1005.3316650390625,6502.4697265625,-283.7181091308594,20349.025390625,-1553.6943359375,-0.0,-1293.0234375,9529.5908203125,-1463.89013671875,457.763671875,2241.92919921875,9469.19140625,-5109.31005859375,3554.821044921875,-4957.51708984375,-453.7900390625,-249.54476928710938,10301.2724609375,-12423.9921875,-12325.4462890625,-5756.21923828125,-1269.976318359375,260.6709899902344,-5837.28173828125,-1442.432373046875,-461.7373046875,-7713.6357421875,4003.8427734375,1405.0802001953125,1341.5018310546875,-5313.55517578125,1025.199951171875,0.0,-3020.763427734375,0.0,-2077.42041015625,-0.0,-634.9881591796875
-12085.4375,-10116.1005859375,-3660.519775390625,2236.3662109375,3287.792236328125,21092.892578125,-1668.13525390625,3470.579833984375,-2728.30322265625,4583.99462890625,-7328.9873046875,-4722.27734375,-4865.328125,3559.58935546875,1175.403564453125,-3378.391357421875,24.636587142944336,3827.412841796875,5239.6455078125,17050.107421875,3470.579833984375,13102.6904296875,2325.375732421875,16736.189453125,-5180.8359375,-5215.00927734375,-3132.025390625,-981.4898071289062,-6172.6572265625,1527.4683837890625,6592.27392578125,7522.10595703125,4083.3154296875,5582.96826171875,1009.3053588867188,6509.6220703125,-282.128662109375,20358.5625,-1551.3101806640625,-0.0,-1296.2022705078125,9531.1806640625,-1461.505859375,470.4793395996094,2242.72412109375,9481.1123046875,-5110.10498046875,3545.2841796875,-4955.92724609375,-437.89544677734375,-259.8762512207031,10320.345703125,-12387.4345703125,-12292.0673828125,-5734.76171875,-1227.855712890625,255.10787963867188,-5834.8974609375,-1454.353271484375,-465.7109680175781,-7700.919921875,4010.200439453125,1409.0538330078125,1339.912353515625,-5304.8134765625,1033.147216796875,0.0,-3039.042236328125,0.0,-2093.315185546875,-0.0,-646.9090576171875
-12099.7431640625,-10143.12109375,-3673.235595703125,2237.955810546875,3289.3818359375,21092.892578125,-1665.7510986328125,3468.990234375,-2727.508544921875,4588.7626953125,-7307.529296875,-4727.04541015625,-4884.40185546875,3562.768310546875,1184.9403076171875,-3381.570068359375,21.457672119140625,3825.028564453125,5238.85107421875,17048.517578125,3467.40087890625,13099.5107421875,2326.170654296875,16733.8046875,-5180.041015625,-5207.0615234375,-3124.872802734375,-981.4898071289062,-6168.68359375,1526.6737060546875,6590.6845703125,7514.95361328125,4080.13671875,5580.583984375,1008.5106201171875,6508.8271484375,-280.5391845703125,20356.974609375,-1549.720703125,-0.0,-1299.3812255859375,9530.384765625,-1459.1217041015625,467.3004150390625,2244.3134765625,9477.9326171875,-5118.05224609375,3546.078857421875,-4942.4169921875,-440.2796325683594,-248.75006103515625,10317.166015625,-12372.3349609375,-12286.50390625,-5731.58251953125,-1207.1927490234375,258.28680419921875,-5831.71826171875,-1446.406005859375,-458.55841064453125,-7707.27783203125,4009.405517578125,1409.0538330078125,1340.7071533203125,-5305.6083984375,1029.96826171875,0.0,-3038.247314453125,0.0,-2092.5205078125,-0.0,-646.9090576171875
-12094.974609375,-10127.2265625,-3662.109375,2253.0556640625,3305.276123046875,21102.427734375,-1650.6513671875,3477.732421875,-2709.229736328125,4614.98876953125,-7281.30322265625,-4710.3564453125,-4894.7333984375,3580.25244140625,1202.4244384765625,-3392.6962890625,33.37860107421875,3840.128662109375,5253.15625,17067.58984375,3479.32177734375,13113.81640625,2338.88623046875,16746.521484375,-5168.1201171875,-5187.193359375,-3105.79931640625,-975.9266967773438,-6166.29931640625,1536.21044921875,6603.39990234375,7528.4638671875,4089.673583984375,5593.2998046875,1021.2262573242188,6521.54296875,-264.6446228027344,20367.3046875,-1537.005126953125,-0.0,-1288.255126953125,9544.6904296875,-1443.2271728515625,476.837158203125,2258.61865234375,9489.853515625,-5102.95263671875,3560.384033203125,-4920.95947265625,-433.92181396484375,-231.26602172851562,10317.9619140625,-12385.05078125,-12279.3515625,-5727.609375,-1204.0137939453125,265.4393615722656,-5827.7451171875,-1433.6904296875,-433.92181396484375,-7692.17822265625,4022.121337890625,1424.1536865234375,1366.138427734375,-5299.25,1052.220703125,0.0,-3008.842529296875,0.0,-2052.783935546875,-0.0,-615.9146728515625
-12075.9013671875,-10111.33203125,-3652.57275390625,2261.002685546875,3307.660400390625,21113.5546875,-1645.088134765625,3491.24267578125,-2696.51416015625,4627.70458984375,-7276.53515625,-4699.22998046875,-4886.7861328125,3603.29931640625,1190.50341796875,-3361.701904296875,44.50480270385742,3849.665283203125,5262.69287109375,17085.87109375,3488.063720703125,13126.5322265625,2346.83349609375,16758.44140625,-5169.70947265625,-5181.63037109375,-3108.978271484375,-960.0321655273438,-6165.50439453125,1540.978759765625,6612.9365234375,7540.384765625,4100.0048828125,5603.63134765625,1029.1734619140625,6533.4638671875,-259.8762512207031,20379.224609375,-1533.031494140625,-0.0,-1286.66552734375,9558.9951171875,-1440.0482177734375,493.5264587402344,2264.9765625,9506.54296875,-5091.03173828125,3566.741943359375,-4924.93310546875,-422.0008850097656,-244.77639770507812,10336.240234375,-12386.6396484375,-12276.1728515625,-5731.58251953125,-1204.0137939453125,263.05517578125,-5811.0556640625,-1428.1273193359375,-417.2325134277344,-7680.25732421875,4032.453125,1436.8692626953125,1386.0067138671875,-5292.892578125,1068.9100341796875,0.0,-2990.563720703125,0.0,-2041.65771484375,-0.0,-599.225341796875
-12099.7431640625,-10130.4052734375,-3658.1357421875,2244.3134765625,3295.739501953125,21100.044921875,-1657.0091552734375,3478.527099609375,-2707.640380859375,4614.1943359375,-7310.70849609375,-4717.5087890625,-4887.5810546875,3592.968017578125,1188.1192626953125,-3383.954345703125,30.19968605041504,3836.155029296875,5248.3876953125,17073.94921875,3477.732421875,13112.2275390625,2334.117919921875,16745.7265625,-5176.0673828125,-5200.7041015625,-3122.48876953125,-975.1319580078125,-6176.63037109375,1522.699951171875,6601.015625,7522.90087890625,4087.289306640625,5590.91552734375,1017.2525634765625,6519.953125,-272.5919189453125,20366.509765625,-1555.283935546875,-0.0,-1296.9970703125,9547.07421875,-1450.3797607421875,480.810791015625,2253.850341796875,9493.828125,-5100.568359375,3550.052734375,-4942.4169921875,-436.3059997558594,-246.36587524414062,10323.5244140625,-12408.892578125,-12298.4248046875,-5740.32470703125,-1223.0872802734375,263.05517578125,-5822.9765625,-1429.7166748046875,-431.5376281738281,-7706.4833984375,4019.7373046875,1424.1536865234375,1374.0858154296875,-5308.787109375,1052.220703125,0.0,-3001.68994140625,0.0,-2056.757568359375,-0.0,-612.7357177734375
-12098.1533203125,-10150.2734375,-3655.75146484375,2249.876708984375,3292.560546875,21098.455078125,-1663.366943359375,3476.9375,-2710.8193359375,4608.63134765625,-7322.62939453125,-4730.224609375,-4878.8388671875,3580.25244140625,1196.0665283203125,-3372.828125,23.047128677368164,3831.386474609375,5245.208984375,17068.38671875,3472.169189453125,13110.6376953125,2329.349609375,16740.95703125,-5184.80908203125,-5198.31982421875,-3120.899169921875,-971.1583251953125,-6182.98876953125,1507.6002197265625,6597.0419921875,7513.3642578125,4080.13671875,5587.73681640625,1011.6895141601562,6516.7744140625,-275.77081298828125,20362.53515625,-1578.3310546875,-0.0,-1300.176025390625,9543.1015625,-1455.9427490234375,478.4266052246094,2250.67138671875,9490.6494140625,-5089.44189453125,3557.999755859375,-4947.185546875,-437.1007385253906,-238.4185791015625,10323.5244140625,-12414.455078125,-12319.8828125,-5745.0927734375,-1235.802978515625,271.00244140625,-5831.71826171875,-1432.1009521484375,-443.45855712890625,-7719.19873046875,4016.55810546875,1418.590576171875,1368.522705078125,-5307.99267578125,1040.2998046875,0.0,-3017.58447265625,0.0,-2067.8837890625,-0.0,-618.298828125
-12084.6435546875,-10170.142578125,-3673.235595703125,2253.850341796875,3289.3818359375,21098.455078125,-1665.7510986328125,3472.964111328125,-2716.38232421875,4599.09423828125,-7316.271484375,-4734.1982421875,-4882.8125,3577.8681640625,1197.656005859375,-3374.41748046875,22.25240135192871,3829.797119140625,5242.82470703125,17061.234375,3468.195556640625,13111.431640625,2327.760009765625,16739.369140625,-5187.98828125,-5187.193359375,-3117.720458984375,-978.3109130859375,-6185.373046875,1495.67919921875,6595.45263671875,7509.39013671875,4074.573486328125,5586.9423828125,1008.5106201171875,6513.595703125,-277.36029052734375,20360.947265625,-1579.125732421875,-0.0,-1302.5601806640625,9545.4853515625,-1455.9427490234375,474.4529724121094,2246.69775390625,9485.880859375,-5106.130859375,3562.768310546875,-4945.59619140625,-444.2532958984375,-239.2133026123047,10321.140625,-12367.56640625,-12338.9560546875,-5745.0927734375,-1246.92919921875,263.05517578125,-5847.61279296875,-1438.458740234375,-455.3794860839844,-7716.02001953125,4014.96875,1413.0274658203125,1356.6016845703125,-5307.19775390625,1034.736572265625,0.0,-3025.53173828125,0.0,-2081.394287109375,-0.0,-627.8355712890625
-12078.28515625,-10190.009765625,-3678.00390625,2256.234375,3289.3818359375,21092.095703125,-1665.7510986328125,3468.195556640625,-2722.740234375,4595.12109375,-7313.88720703125,-4727.04541015625,-4899.501953125,3563.56298828125,1189.708740234375,-3392.6962890625,23.047128677368164,3828.207763671875,5241.2353515625,17055.669921875,3468.195556640625,13108.25390625,2328.554931640625,16739.369140625,-5192.7568359375,-5191.9619140625,-3122.48876953125,-987.84765625,-6182.19384765625,1489.3214111328125,6596.2470703125,7514.15869140625,4075.368408203125,5587.73681640625,1007.7158203125,6511.21142578125,-281.33392333984375,20356.177734375,-1567.204833984375,-0.0,-1304.149658203125,9543.1015625,-1455.1480712890625,470.4793395996094,2244.3134765625,9480.3173828125,-5120.43603515625,3565.15234375,-4947.98046875,-455.3794860839844,-247.16058349609375,10311.603515625,-12350.876953125,-12346.9033203125,-5743.50341796875,-1250.108154296875,255.90261840820312,-5865.89208984375,-1446.406005859375,-451.4058532714844,-7716.02001953125,4013.379638671875,1409.8485107421875,1349.44921875,-5306.40283203125,1045.068115234375,0.0,-3028.710693359375,0.0,-2080.599609375,-0.0,-633.398681640625
-12064.7744140625,-10182.857421875,-3685.156494140625,2260.2080078125,3307.660400390625,21098.455078125,-1653.0355224609375,3472.169189453125,-2713.998046875,4603.86279296875,-7314.68212890625,-4724.6611328125,-4893.9384765625,3573.89453125,1200.0401611328125,-3391.901611328125,29.404958724975586,3833.770751953125,5249.97705078125,17066.001953125,3475.34814453125,13113.021484375,2338.88623046875,16744.13671875,-5197.52490234375,-5179.24658203125,-3100.236083984375,-983.0792846679688,-6181.39892578125,1494.884521484375,6601.810546875,7522.10595703125,4079.341796875,5594.88916015625,1018.8421020507812,6516.7744140625,-269.4129943847656,20362.53515625,-1549.720703125,-0.0,-1303.3548583984375,9547.07421875,-1436.0745849609375,476.04241943359375,2255.439697265625,9487.4697265625,-5134.7412109375,3567.53662109375,-4978.1796875,-441.8691101074219,-233.65020751953125,10315.5771484375,-12369.15625,-12338.9560546875,-5743.50341796875,-1246.1343994140625,267.82354736328125,-5854.765625,-1436.8692626953125,-449.02166748046875,-7715.22509765625,4022.121337890625,1417.0010986328125,1356.6016845703125,-5307.99267578125,1048.2469482421875,0.0,-3021.55810546875,0.0,-2072.652099609375,-0.0,-624.6566772460938
-12071.9267578125,-10162.9892578125,-3687.540771484375,2253.850341796875,3308.455322265625,21100.044921875,-1653.0355224609375,3474.553466796875,-2719.561279296875,4599.88916015625,-7317.86083984375,-4733.40380859375,-4901.8857421875,3563.56298828125,1203.2191162109375,-3391.901611328125,26.226043701171875,3833.770751953125,5249.97705078125,17061.234375,3473.7587890625,13111.431640625,2341.2705078125,16744.931640625,-5205.47265625,-5162.55712890625,-3101.82568359375,-979.1055908203125,-6185.373046875,1498.858154296875,6598.63134765625,7517.337890625,4077.752685546875,5590.91552734375,1020.4315185546875,6517.56884765625,-267.02880859375,20363.330078125,-1577.5362548828125,-0.0,-1307.32861328125,9549.458984375,-1424.9483642578125,476.837158203125,2253.850341796875,9485.0859375,-5135.5361328125,3560.384033203125,-4990.10107421875,-433.92181396484375,-231.26602172851562,10317.9619140625,-12389.8193359375,-12331.0087890625,-5749.06689453125,-1246.92919921875,267.02880859375,-5846.818359375,-1435.27978515625,-451.4058532714844,-7720.78857421875,4022.916259765625,1415.41162109375,1347.8597412109375,-5313.55517578125,1038.710205078125,0.0,-3023.942138671875,0.0,-2080.599609375,-0.0,-631.0145263671875
-12094.974609375,-10166.16796875,-3697.8720703125,2231.597900390625,3286.99755859375,21084.943359375,-1668.13525390625,3459.45361328125,-2734.6611328125,4585.583984375,-7325.013671875,-4742.9404296875,-4912.2177734375,3551.64208984375,1183.3509521484375,-3401.4384765625,12.715657234191895,3822.64453125,5236.466796875,17046.927734375,3460.248291015625,13097.921875,2328.554931640625,16733.01171875,-5211.830078125,-5211.03515625,-3132.820068359375,-992.6160278320312,-6194.90966796875,1495.67919921875,6585.12109375,7505.4169921875,4063.447509765625,5575.81591796875,1005.3316650390625,6504.853515625,-279.7444763183594,20352.205078125,-1579.125732421875,-0.0,-1320.8388671875,9529.5908203125,-1435.27978515625,461.7373046875,2239.545166015625,9471.576171875,-5145.07275390625,3538.92626953125,-4985.33251953125,-451.4058532714844,-250.33950805664062,10302.06640625,-12396.9716796875,-12331.8037109375,-5757.80859375,-1264.4132080078125,252.72369384765625,-5854.765625,-1442.432373046875,-453.7900390625,-7729.5302734375,4008.611083984375,1402.696044921875,1334.3492431640625,-5319.91357421875,1029.96826171875,0.0,-3040.631591796875,0.0,-2093.315185546875,-0.0,-650.0880126953125
-12098.1533203125,-10157.42578125,-3681.9775390625,2234.77685546875,3279.050048828125,21084.150390625,-1670.51953125,3459.45361328125,-2735.455810546875,4580.81591796875,-7325.013671875,-4741.3505859375,-4899.501953125,3547.66845703125,1192.8876953125,-3401.4384765625,17.48402976989746,3821.05517578125,5234.876953125,17043.748046875,3462.63232421875,13100.306640625,2321.40234375,16729.83203125,-5180.8359375,-5209.44580078125,-3125.66748046875,-992.6160278320312,-6182.19384765625,1498.858154296875,6587.50537109375,7509.39013671875,4069.01025390625,5578.99462890625,1001.3580322265625,6504.853515625,-282.9233703613281,20350.615234375,-1571.178466796875,-0.0,-1307.32861328125,9528.7958984375,-1455.9427490234375,460.9425964355469,2241.134765625,9470.7802734375,-5119.6416015625,3542.900146484375,-4933.67529296875,-455.3794860839844,-242.39222717285156,10304.451171875,-12382.6669921875,-12317.498046875,-5743.50341796875,-1273.949951171875,269.4129943847656,-5855.560546875,-1424.1536865234375,-460.1478576660156,-7723.96728515625,4007.021484375,1401.9012451171875,1330.375732421875,-5312.7607421875,1032.3524169921875,0.0,-3042.22119140625,0.0,-2097.288818359375,-0.0,-650.0880126953125
-12100.537109375,-10152.6572265625,-3661.314697265625,2246.69775390625,3284.61328125,21092.892578125,-1672.9036865234375,3466.606201171875,-2731.482177734375,4590.3525390625,-7359.9814453125,-4729.4296875,-4892.34912109375,3547.66845703125,1188.1192626953125,-3391.901611328125,25.43131446838379,3825.823486328125,5235.671875,17050.90234375,3471.37451171875,13107.458984375,2319.01806640625,16733.8046875,-5156.99365234375,-5187.193359375,-3112.951904296875,-979.1055908203125,-6182.19384765625,1506.805419921875,6595.45263671875,7515.74853515625,4078.547119140625,5586.9423828125,1004.5369873046875,6510.41650390625,-285.30755615234375,20353.794921875,-1578.3310546875,-0.0,-1290.6392822265625,9541.51171875,-1478.989990234375,467.3004150390625,2240.340087890625,9475.548828125,-5092.62109375,3554.0263671875,-4909.83349609375,-464.1214904785156,-246.36587524414062,10313.9873046875,-12385.05078125,-12305.5771484375,-5742.70849609375,-1256.4659423828125,262.26043701171875,-5858.7392578125,-1429.7166748046875,-467.3004150390625,-7721.5830078125,4008.611083984375,1405.0802001953125,1333.5545654296875,-5312.7607421875,1041.88916015625,0.0,-3039.8369140625,0.0,-2093.315185546875,-0.0,-642.1406860351562
-12094.974609375,-10163.7841796875,-3654.956787109375,2257.823974609375,3290.970947265625,21106.40234375,-1663.366943359375,3480.9111328125,-2723.534912109375,4607.83642578125,-7367.92919921875,-4715.91943359375,-4878.8388671875,3563.56298828125,1182.55615234375,-3364.086181640625,34.96805953979492,3836.155029296875,5246.00341796875,17064.412109375,3479.32177734375,13117.7900390625,2328.554931640625,16748.109375,-5164.146484375,-5173.68310546875,-3112.951904296875,-959.2374267578125,-6174.24609375,1509.984375,6604.98974609375,7523.6953125,4087.289306640625,5596.47900390625,1017.2525634765625,6522.33740234375,-278.1549987792969,20364.919921875,-1565.6153564453125,-0.0,-1286.66552734375,9554.2265625,-1464.684814453125,482.4002685546875,2245.1083984375,9488.2646484375,-5092.62109375,3563.56298828125,-4929.701171875,-447.43218994140625,-251.928955078125,10332.2666015625,-12384.255859375,-12301.6044921875,-5738.7353515625,-1229.445068359375,260.6709899902344,-5853.17626953125,-1445.611328125,-456.1742248535156,-7713.6357421875,4018.14794921875,1414.616943359375,1349.44921875,-5298.45556640625,1056.1943359375,0.0,-3032.684326171875,0.0,-2079.8046875,-0.0,-633.398681640625
-12091.7958984375,-10170.9365234375,-3636.677978515625,2260.2080078125,3303.686767578125,21112.759765625,-1657.0091552734375,3487.26904296875,-2721.150634765625,4605.4521484375,-7336.1396484375,-4711.1513671875,-4858.17578125,3563.56298828125,1188.9139404296875,-3360.9072265625,43.7100715637207,3845.691650390625,5254.74560546875,17065.20703125,3491.24267578125,13126.5322265625,2338.88623046875,16756.853515625,-5152.2255859375,-5170.50390625,-3111.362548828125,-956.0584716796875,-6158.35205078125,1506.0106201171875,6615.32080078125,7528.4638671875,4098.41552734375,5606.015625,1028.3787841796875,6530.28466796875,-273.3866271972656,20370.484375,-1552.10498046875,-0.0,-1273.1552734375,9558.9951171875,-1450.3797607421875,490.3475646972656,2248.287109375,9496.2119140625,-5068.77880859375,3568.33154296875,-4928.11181640625,-424.38507080078125,-245.57113647460938,10337.830078125,-12395.3818359375,-12314.3193359375,-5722.0458984375,-1223.0872802734375,273.3866271972656,-5839.666015625,-1453.55859375,-441.8691101074219,-7705.6884765625,4028.47900390625,1419.38525390625,1352.6280517578125,-5295.27685546875,1071.294189453125,0.0,-3032.684326171875,0.0,-2075.8310546875,-0.0,-626.2461547851562
-12125.1748046875,-10209.8779296875,-3635.88330078125,2256.234375,3305.276123046875,21100.044921875,-1665.7510986328125,3467.40087890625,-2737.83984375,4579.22607421875,-7337.72900390625,-4745.32470703125,-4858.17578125,3524.621337890625,1204.80859375,-3384.749267578125,32.5838737487793,3834.5654296875,5242.82470703125,17041.365234375,3484.885009765625,13117.7900390625,2331.733642578125,16743.341796875,-5143.4833984375,-5168.1201171875,-3116.130859375,-975.1319580078125,-6159.94140625,1474.2215576171875,6604.19482421875,7508.595703125,4088.878662109375,5595.68408203125,1020.4315185546875,6518.36376953125,-279.7444763183594,20355.3828125,-1568.794189453125,-0.0,-1274.74462890625,9552.6376953125,-1451.9691162109375,474.4529724121094,2236.3662109375,9477.138671875,-5082.2890625,3561.178955078125,-4917.7802734375,-464.9162292480469,-232.0607452392578,10316.3720703125,-12446.244140625,-12363.5927734375,-5723.63525390625,-1275.5394287109375,282.9233703613281,-5872.24951171875,-1448.7901611328125,-455.3794860839844,-7723.96728515625,4019.7373046875,1404.285400390625,1312.8916015625,-5315.939453125,1053.81005859375,0.0,-3043.810546875,0.0,-2094.10986328125,-0.0,-653.2669067382812
-12168.08984375,-10262.330078125,-3669.261962890625,2244.3134765625,3279.844970703125,21073.0234375,-1685.619384765625,3430.048583984375,-2748.171630859375,4571.27880859375,-7339.31884765625,-4774.7294921875,-4902.6806640625,3511.111083984375,1188.9139404296875,-3427.66455078125,7.9472856521606445,3809.13427734375,5218.18798828125,17028.650390625,3459.45361328125,13096.3330078125,2307.09716796875,16713.142578125,-5174.47802734375,-5173.68310546875,-3132.820068359375,-1026.789306640625,-6173.45166015625,1440.0482177734375,6580.3525390625,7486.34326171875,4063.447509765625,5573.431640625,994.2054443359375,6492.9326171875,-300.40740966796875,20325.978515625,-1585.4835205078125,-0.0,-1303.3548583984375,9537.537109375,-1475.81103515625,438.690185546875,2221.2666015625,9447.7333984375,-5145.07275390625,3546.873779296875,-4940.033203125,-483.9897155761719,-245.57113647460938,10271.072265625,-12478.0341796875,-12411.2763671875,-5738.7353515625,-1329.5809326171875,263.8498840332031,-5882.5810546875,-1454.353271484375,-476.837158203125,-7754.1669921875,3995.1005859375,1382.032958984375,1285.076171875,-5315.14501953125,1014.07373046875,0.0,-3046.989501953125,0.0,-2108.414794921875,-0.0,-681.0823974609375
-12152.9892578125,-10257.5615234375,-3697.077392578125,2228.4189453125,3251.23486328125,21048.38671875,-1704.69287109375,3417.3330078125,-2764.86083984375,4552.20556640625,-7340.11328125,-4762.80810546875,-4924.93310546875,3505.5478515625,1159.509033203125,-3443.558837890625,-7.152557373046875,3791.650146484375,5202.29345703125,17013.55078125,3438.79052734375,13074.080078125,2288.023681640625,16694.865234375,-5216.5986328125,-5234.08251953125,-3152.688232421875,-1036.3260498046875,-6197.2939453125,1444.816650390625,6562.07421875,7477.6015625,4045.16845703125,5556.7421875,973.5425415039062,6471.47509765625,-318.6861572265625,20313.263671875,-1583.8941650390625,-0.0,-1333.5545654296875,9503.3642578125,-1495.67919921875,422.7956237792969,2202.98779296875,9431.8388671875,-5164.94140625,3538.1318359375,-4978.1796875,-486.3739013671875,-274.9761047363281,10259.1513671875,-12448.62890625,-12409.6875,-5759.39794921875,-1329.5809326171875,236.03439331054688,-5889.73388671875,-1470.2479248046875,-490.3475646972656,-7771.65087890625,3976.82177734375,1366.9332275390625,1285.076171875,-5326.27099609375,995.794921875,0.0,-3062.884033203125,0.0,-2119.541259765625,-0.0,-695.3875122070312
-12125.1748046875,-10213.0576171875,-3705.024658203125,2231.597900390625,3251.23486328125,21053.15625,-1709.461181640625,3418.92236328125,-2778.37109375,4546.64208984375,-7324.21875,-4765.9873046875,-4905.06494140625,3498.395263671875,1149.9722900390625,-3443.558837890625,-5.563100337982178,3791.650146484375,5199.9091796875,17005.6015625,3437.995849609375,13072.490234375,2286.43408203125,16697.248046875,-5218.98291015625,-5234.08251953125,-3159.8408203125,-1027.5841064453125,-6198.08837890625,1465.4794921875,6562.07421875,7486.34326171875,4045.96337890625,5555.94775390625,971.9530639648438,6472.26953125,-323.45452880859375,20314.05859375,-1577.5362548828125,-0.0,-1335.9388427734375,9500.98046875,-1499.65283203125,428.35870361328125,2196.6298828125,9430.2490234375,-5153.81494140625,3542.10546875,-4979.76904296875,-472.863525390625,-284.5128479003906,10260.7412109375,-12393.7919921875,-12392.998046875,-5760.19287109375,-1301.765380859375,236.03439331054688,-5904.0390625,-1483.75830078125,-496.7053527832031,-7769.2666015625,3978.4111328125,1363.7542724609375,1290.6392822265625,-5327.8603515625,999.7686157226562,0.0,-3071.6259765625,0.0,-2123.514892578125,-0.0,-696.9769897460938
-12136.2998046875,-10193.984375,-3709.79296875,2218.88232421875,3243.287353515625,21049.181640625,-1711.845458984375,3417.3330078125,-2773.602783203125,4544.25830078125,-7331.37109375,-4771.55078125,-4905.859375,3519.05810546875,1147.588134765625,-3437.995849609375,-10.33147144317627,3786.0869140625,5198.31982421875,17008.78125,3432.432861328125,13070.1064453125,2283.25537109375,16694.068359375,-5230.10888671875,-5231.69873046875,-3169.377685546875,-1028.3787841796875,-6206.83056640625,1468.658447265625,6559.68994140625,7482.3701171875,4041.98974609375,5550.384765625,966.3899536132812,6469.88525390625,-324.249267578125,20311.673828125,-1582.3045654296875,-0.0,-1342.296630859375,9496.2119140625,-1503.62646484375,425.9745178222656,2199.013916015625,9431.8388671875,-5145.07275390625,3527.00537109375,-4988.51171875,-482.4002685546875,-286.102294921875,10262.330078125,-12382.6669921875,-12370.74609375,-5767.34521484375,-1272.3604736328125,240.00804138183594,-5899.2705078125,-1475.81103515625,-497.5001220703125,-7765.29296875,3974.437744140625,1365.34375,1319.24951171875,-5335.0126953125,997.3843994140625,0.0,-3066.857666015625,0.0,-2121.130615234375,-0.0,-681.0823974609375
-12114.0478515625,-10166.962890625,-3683.567138671875,2243.518798828125,3272.6923828125,21084.943359375,-1676.8773193359375,3465.0166015625,-2726.7138671875,4582.4052734375,-7311.5029296875,-4728.63525390625,-4903.47509765625,3586.610107421875,1169.8404541015625,-3380.775390625,21.457672119140625,3820.26025390625,5237.26123046875,17056.46484375,3463.42724609375,13102.6904296875,2317.4287109375,16733.01171875,-5209.44580078125,-5206.26708984375,-3144.740966796875,-981.4898071289062,-6192.525390625,1509.1895751953125,6594.65771484375,7512.5693359375,4071.39453125,5584.55810546875,998.973876953125,6504.853515625,-291.6654052734375,20353.794921875,-1557.6680908203125,-0.0,-1315.2757568359375,9525.6162109375,-1474.2215576171875,465.7109680175781,2234.77685546875,9475.548828125,-5119.6416015625,3552.436767578125,-4965.46435546875,-442.663818359375,-263.8498840332031,10315.5771484375,-12367.56640625,-12315.9091796875,-5753.8349609375,-1215.934814453125,247.16058349609375,-5852.38134765625,-1438.458740234375,-466.50567626953125,-7730.3251953125,4008.611083984375,1406.669677734375,1367.7279052734375,-5314.35009765625,1037.91552734375,0.0,-3030.300048828125,0.0,-2090.930908203125,-0.0,-634.1934204101562
-12059.2119140625,-10120.869140625,-3640.651611328125,2288.023681640625,3318.78662109375,21137.396484375,-1630.7830810546875,3520.647705078125,-2677.440673828125,4639.62548828125,-7281.30322265625,-4669.03076171875,-4876.45458984375,3635.088623046875,1214.3453369140625,-3319.581298828125,69.93611907958984,3869.533447265625,5285.73974609375,17111.30078125,3511.111083984375,13151.1689453125,2361.933349609375,16785.462890625,-5164.146484375,-5156.19921875,-3101.031005859375,-925.0640869140625,-6165.50439453125,1562.4364013671875,6640.75244140625,7560.2529296875,4117.48876953125,5631.44677734375,1044.2734375,6554.92138671875,-243.98167419433594,20406.24609375,-1513.1632080078125,-0.0,-1271.5657958984375,9575.6845703125,-1428.9219970703125,518.957763671875,2282.46044921875,9530.384765625,-5078.31591796875,3597.736328125,-4920.95947265625,-383.8539123535156,-220.1398162841797,10373.5927734375,-12354.8505859375,-12256.3046875,-5725.22509765625,-1155.535400390625,274.9761047363281,-5809.4658203125,-1411.43798828125,-413.2588806152344,-7680.25732421875,4055.5,1457.5322265625,1420.9747314453125,-5276.203125,1094.34130859375,0.0,-2980.232177734375,0.0,-2044.0418701171875,-0.0,-580.9465942382812
-12092.58984375,-10138.3525390625,-3653.3671875,2261.797607421875,3302.097412109375,21111.169921875,-1653.8302001953125,3485.6796875,-2704.46142578125,4625.3203125,-7315.47705078125,-4691.28271484375,-4883.607421875,3608.06787109375,1196.0665283203125,-3363.29150390625,42.91534423828125,3840.92333984375,5260.30859375,17087.458984375,3488.063720703125,13122.55859375,2338.091552734375,16755.26171875,-5171.298828125,-5176.8623046875,-3116.130859375,-964.0057983398438,-6181.39892578125,1535.4156494140625,6613.7314453125,7529.2587890625,4096.826171875,5602.04150390625,1020.4315185546875,6525.5166015625,-267.82354736328125,20375.251953125,-1551.3101806640625,-0.0,-1285.870849609375,9547.8701171875,-1448.7901611328125,486.3739013671875,2261.002685546875,9500.98046875,-5099.7734375,3570.715576171875,-4935.2646484375,-417.2325134277344,-238.4185791015625,10329.8828125,-12402.5341796875,-12277.7626953125,-5741.9140625,-1192.8876953125,261.4656982421875,-5835.69189453125,-1430.511474609375,-425.1798095703125,-7716.02001953125,4029.27392578125,1432.1009521484375,1393.1593017578125,-5304.0185546875,1065.7310791015625,0.0,-2997.71630859375,0.0,-2048.015625,-0.0,-600.8148193359375
-12092.58984375,-10154.2470703125,-3668.46728515625,2248.287109375,3289.3818359375,21089.712890625,-1670.51953125,3468.990234375,-2722.740234375,4608.63134765625,-7317.06640625,-4708.76708984375,-4893.14404296875,3585.020751953125,1172.224609375,-3384.749267578125,28.6102294921875,3823.439453125,5244.4140625,17069.974609375,3472.169189453125,13104.279296875,2322.99169921875,16736.189453125,-5176.8623046875,-5197.52490234375,-3128.846435546875,-981.4898071289062,-6190.14111328125,1516.3421630859375,6596.2470703125,7513.3642578125,4080.13671875,5585.3525390625,1005.3316650390625,6508.0322265625,-284.5128479003906,20356.974609375,-1555.283935546875,-0.0,-1299.3812255859375,9528.7958984375,-1463.0953369140625,466.50567626953125,2241.92919921875,9483.4970703125,-5129.1787109375,3555.61572265625,-4948.77490234375,-441.8691101074219,-263.8498840332031,10311.603515625,-12408.892578125,-12293.65625,-5753.04052734375,-1222.2926025390625,250.33950805664062,-5840.46044921875,-1442.432373046875,-435.5112609863281,-7733.50390625,4012.584716796875,1415.41162109375,1370.112060546875,-5325.47607421875,1049.041748046875,0.0,-3007.2529296875,0.0,-2062.32080078125,-0.0,-620.6830444335938
-12071.9267578125,-10153.453125,-3666.877685546875,2261.002685546875,3306.86572265625,21100.044921875,-1655.419677734375,3476.9375,-2719.561279296875,4614.98876953125,-7305.93994140625,-4707.97216796875,-4894.7333984375,3585.8154296875,1194.47705078125,-3378.391357421875,35.762786865234375,3835.3603515625,5254.74560546875,17076.333984375,3482.500732421875,13115.40625,2334.91259765625,16748.109375,-5182.4248046875,-5183.2197265625,-3106.593994140625,-971.1583251953125,-6186.9619140625,1525.87890625,6605.7841796875,7522.90087890625,4085.699462890625,5594.0947265625,1017.2525634765625,6519.953125,-271.79718017578125,20366.509765625,-1560.05224609375,-0.0,-1295.4075927734375,9544.6904296875,-1444.0218505859375,476.837158203125,2253.0556640625,9493.033203125,-5115.66796875,3565.947265625,-4997.25341796875,-429.1534423828125,-240.00804138183594,10321.9345703125,-12373.1298828125,-12288.8876953125,-5749.861328125,-1221.4979248046875,267.02880859375,-5832.51318359375,-1428.1273193359375,-425.9745178222656,-7721.5830078125,4023.710693359375,1424.9483642578125,1370.9068603515625,-5314.35009765625,1058.5784912109375,0.0,-3000.895263671875,0.0,-2053.57861328125,-0.0,-619.0935668945312
-12091.0009765625,-10169.3466796875,-3681.9775390625,2251.466064453125,3314.018310546875,21093.6875,-1656.21435546875,3471.37451171875,-2726.7138671875,4607.0419921875,-7337.72900390625,-4724.6611328125,-4893.14404296875,3568.33154296875,1192.0928955078125,-3377.5966796875,29.404958724975586,3832.18115234375,5252.361328125,17068.38671875,3477.732421875,13111.431640625,2338.091552734375,16744.13671875,-5201.49853515625,-5185.60400390625,-3109.77294921875,-977.5161743164062,-6194.11474609375,1515.54736328125,6602.60546875,7515.74853515625,4076.162841796875,5590.91552734375,1017.2525634765625,6515.97998046875,-271.79718017578125,20361.7421875,-1569.5889892578125,-0.0,-1304.149658203125,9543.1015625,-1436.8692626953125,473.6582336425781,2251.466064453125,9486.6748046875,-5128.3837890625,3557.999755859375,-5075.931640625,-436.3059997558594,-241.5974884033203,10315.5771484375,-12377.8984375,-12303.193359375,-5758.603515625,-1237.3924560546875,263.8498840332031,-5834.8974609375,-1425.7431640625,-433.1270751953125,-7725.556640625,4022.121337890625,1420.9747314453125,1357.396484375,-5317.529296875,1046.6575927734375,0.0,-3010.431884765625,0.0,-2061.526123046875,-0.0,-629.425048828125
-12111.6640625,-10196.3681640625,-3676.41455078125,2244.3134765625,3315.607666015625,21088.91796875,-1662.572265625,3464.221923828125,-2730.6875,4599.88916015625,-7365.544921875,-4726.2509765625,-4928.90673828125,3561.9736328125,1172.224609375,-3388.72265625,26.226043701171875,3830.591796875,5247.5927734375,17062.822265625,3475.34814453125,13107.458984375,2338.88623046875,16739.369140625,-5218.98291015625,-5189.57763671875,-3132.820068359375,-983.8739624023438,-6213.98291015625,1499.65283203125,6598.63134765625,7512.5693359375,4072.189453125,5587.73681640625,1018.8421020507812,6512.80078125,-276.5655517578125,20358.5625,-1582.3045654296875,-0.0,-1308.123291015625,9539.126953125,-1427.33251953125,468.8898620605469,2242.72412109375,9480.3173828125,-5129.1787109375,3553.2314453125,-5016.3271484375,-439.48492431640625,-259.8762512207031,10308.4248046875,-12407.302734375,-12318.2939453125,-5777.67724609375,-1247.723876953125,244.77639770507812,-5839.666015625,-1441.6376953125,-444.2532958984375,-7731.91455078125,4018.9423828125,1415.41162109375,1350.243896484375,-5319.91357421875,1041.88916015625,0.0,-3019.96875,0.0,-2076.625732421875,-0.0,-638.1670532226562
-12121.2001953125,-10203.5205078125,-3675.619873046875,2250.67138671875,3302.89208984375,21088.91796875,-1669.724853515625,3464.221923828125,-2729.892822265625,4596.7099609375,-7368.7236328125,-4717.5087890625,-4906.654296875,3566.741943359375,1170.63525390625,-3392.6962890625,30.994415283203125,3829.00244140625,5245.208984375,17062.029296875,3472.964111328125,13107.458984375,2330.93896484375,16736.189453125,-5195.935546875,-5184.80908203125,-3147.919921875,-983.0792846679688,-6197.2939453125,1494.884521484375,6599.42626953125,7514.95361328125,4072.189453125,5589.326171875,1011.6895141601562,6514.390625,-284.5128479003906,20356.974609375,-1571.97314453125,-0.0,-1307.32861328125,9540.716796875,-1445.611328125,468.8898620605469,2238.75048828125,9478.728515625,-5126.79443359375,3557.999755859375,-4947.185546875,-444.2532958984375,-263.8498840332031,10310.013671875,-12429.5546875,-12326.240234375,-5761.7822265625,-1254.87646484375,244.77639770507812,-5837.28173828125,-1447.2008056640625,-451.4058532714844,-7737.4775390625,4016.55810546875,1414.616943359375,1348.6544189453125,-5323.88671875,1049.8365478515625,0.0,-3031.8896484375,0.0,-2089.34130859375,-0.0,-638.9617919921875
-12115.6376953125,-10200.3408203125,-3666.877685546875,2255.439697265625,3273.487060546875,21088.123046875,-1686.4140625,3463.42724609375,-2736.250732421875,4594.326171875,-7342.49755859375,-4717.5087890625,-4874.07080078125,3557.999755859375,1176.1983642578125,-3390.312255859375,34.1733283996582,3818.6708984375,5236.466796875,17059.64453125,3467.40087890625,13107.458984375,2305.507568359375,16731.419921875,-5168.1201171875,-5176.8623046875,-3138.383056640625,-984.668701171875,-6167.09375,1484.552978515625,6595.45263671875,7519.72216796875,4076.162841796875,5592.5048828125,995.000244140625,6510.41650390625,-300.40740966796875,20352.205078125,-1545.7471923828125,-0.0,-1303.3548583984375,9545.4853515625,-1504.4212646484375,466.50567626953125,2232.392578125,9477.9326171875,-5113.28369140625,3561.9736328125,-4898.70703125,-445.0480041503906,-258.28680419921875,10310.8095703125,-12423.9921875,-12340.5458984375,-5729.1982421875,-1256.4659423828125,267.02880859375,-5839.666015625,-1448.7901611328125,-452.2005615234375,-7738.27197265625,4006.22705078125,1407.46435546875,1343.09130859375,-5311.9658203125,1049.8365478515625,0.0,-3032.684326171875,0.0,-2086.957275390625,-0.0,-642.1406860351562
-12099.7431640625,-10190.8046875,-3656.54638671875,2264.181884765625,3276.666015625,21096.865234375,-1676.8773193359375,3468.990234375,-2733.071533203125,4597.5048828125,-7307.529296875,-4712.740234375,-4868.50732421875,3547.66845703125,1206.39794921875,-3386.33837890625,43.7100715637207,3825.823486328125,5243.61962890625,17061.234375,3477.732421875,13117.7900390625,2313.454833984375,16738.572265625,-5153.81494140625,-5167.32568359375,-3110.56787109375,-976.721435546875,-6160.736328125,1489.3214111328125,6604.19482421875,7529.2587890625,4084.905029296875,5602.83642578125,1000.5632934570312,6518.36376953125,-291.6654052734375,20358.5625,-1540.18408203125,-0.0,-1289.844482421875,9555.81640625,-1500.4476318359375,471.2740478515625,2241.92919921875,9481.1123046875,-5100.568359375,3572.304931640625,-4875.66015625,-436.3059997558594,-228.0871124267578,10316.3720703125,-12399.35546875,-12338.9560546875,-5724.43017578125,-1239.776611328125,297.2284851074219,-5840.46044921875,-1433.6904296875,-452.2005615234375,-7726.35107421875,4014.96875,1413.8221435546875,1340.7071533203125,-5309.58154296875,1053.015380859375,0.0,-3033.47900390625,0.0,-2084.572998046875,-0.0,-644.52490234375
-12115.6376953125,-10195.5732421875,-3672.440673828125,2260.2080078125,3278.25537109375,21087.328125,-1676.8773193359375,3463.42724609375,-2740.22412109375,4587.96826171875,-7321.03955078125,-4723.072265625,-4867.71240234375,3541.310546875,1214.3453369140625,-3387.13330078125,37.35224533081055,3822.64453125,5239.6455078125,17052.4921875,3471.37451171875,13110.6376953125,2315.839111328125,16734.599609375,-5176.0673828125,-5187.98828125,-3116.130859375,-978.3109130859375,-6174.24609375,1499.65283203125,6597.8369140625,7518.92724609375,4074.573486328125,5594.88916015625,998.973876953125,6513.595703125,-292.4601135253906,20352.998046875,-1553.6943359375,-0.0,-1304.149658203125,9544.6904296875,-1486.1424560546875,468.09515380859375,2235.571533203125,9473.9599609375,-5129.97314453125,3568.33154296875,-4919.3701171875,-456.96893310546875,-221.72927856445312,10313.9873046875,-12388.2294921875,-12342.1357421875,-5736.35107421875,-1244.544921875,286.89703369140625,-5849.20263671875,-1444.0218505859375,-466.50567626953125,-7732.70947265625,4011.789794921875,1408.259033203125,1328.7862548828125,-5319.11865234375,1048.2469482421875,0.0,-3049.37353515625,0.0,-2100.4677734375,-0.0,-660.41943359375
-12124.37890625,-10205.9052734375,-3686.745849609375,2242.72412109375,3271.10302734375,21075.40625,-1691.9771728515625,3453.095703125,-2749.760986328125,4581.6103515625,-7363.16064453125,-4736.58251953125,-4897.91259765625,3540.515869140625,1173.814208984375,-3403.82275390625,27.02077293395996,3813.902587890625,5229.314453125,17048.517578125,3461.043212890625,13101.1005859375,2304.712890625,16723.474609375,-5180.8359375,-5208.65087890625,-3138.383056640625,-992.6160278320312,-6184.578125,1502.831787109375,6587.50537109375,7507.80126953125,4063.447509765625,5585.3525390625,990.2318725585938,6502.4697265625,-303.5863342285156,20341.873046875,-1573.5626220703125,-0.0,-1315.2757568359375,9528.7958984375,-1497.2686767578125,456.96893310546875,2221.2666015625,9466.01171875,-5143.4833984375,3551.64208984375,-4943.2119140625,-456.1742248535156,-261.4656982421875,10300.4765625,-12392.998046875,-12338.9560546875,-5747.47705078125,-1255.671142578125,252.72369384765625,-5857.1494140625,-1455.1480712890625,-464.9162292480469,-7743.04052734375,4002.253173828125,1399.51708984375,1327.19677734375,-5313.55517578125,1039.5050048828125,0.0,-3044.605224609375,0.0,-2099.673095703125,-0.0,-658.0352783203125
-12127.55859375,-10215.44140625,-3692.30908203125,2227.624267578125,3263.950439453125,21070.638671875,-1698.3350830078125,3443.558837890625,-2750.5556640625,4580.81591796875,-7365.544921875,-4743.73486328125,-4902.6806640625,3537.337158203125,1165.8668212890625,-3417.3330078125,18.278757095336914,3805.955078125,5223.7509765625,17045.33984375,3454.685302734375,13093.154296875,2296.765625,16717.115234375,-5200.7041015625,-5203.08837890625,-3143.151611328125,-1003.7421875,-6192.525390625,1491.70556640625,6579.55810546875,7498.26416015625,4055.5,5578.19970703125,983.0792846679688,6496.111328125,-310.7388916015625,20335.515625,-1589.4571533203125,-0.0,-1324.8125,9524.02734375,-1501.2423095703125,448.2269287109375,2215.703369140625,9460.44921875,-5146.662109375,3533.36328125,-4956.72216796875,-463.3267822265625,-270.2077331542969,10290.9404296875,-12409.6875,-12338.1611328125,-5753.04052734375,-1276.3341064453125,255.90261840820312,-5861.12353515625,-1452.763916015625,-469.6846008300781,-7753.3720703125,3993.51123046875,1393.9539794921875,1329.5809326171875,-5323.091796875,1028.3787841796875,0.0,-3040.631591796875,0.0,-2093.315185546875,-0.0,-653.2669067382812
-12126.763671875,-10190.8046875,-3674.824951171875,2245.903076171875,3280.6396484375,21094.48046875,-1685.619384765625,3464.221923828125,-2729.09814453125,4603.86279296875,-7328.1923828125,-4731.81396484375,-4905.06494140625,3567.53662109375,1169.0457763671875,-3389.517578125,33.37860107421875,3818.6708984375,5238.05615234375,17067.58984375,3469.784912109375,13109.8427734375,2311.07080078125,16734.599609375,-5190.37255859375,-5155.40478515625,-3135.9990234375,-985.4635009765625,-6192.525390625,1491.70556640625,6596.2470703125,7515.74853515625,4069.80517578125,5593.2998046875,997.3843994140625,6512.80078125,-299.6126708984375,20352.205078125,-1564.02587890625,-0.0,-1310.5074462890625,9550.25390625,-1489.3214111328125,468.09515380859375,2228.4189453125,9477.9326171875,-5115.66796875,3552.436767578125,-4948.77490234375,-434.716552734375,-263.8498840332031,10312.3984375,-12412.865234375,-12314.3193359375,-5753.8349609375,-1269.181640625,263.8498840332031,-5850.7919921875,-1454.353271484375,-452.99530029296875,-7740.65625,4010.995361328125,1410.6431884765625,1353.4227294921875,-5321.5029296875,1045.86279296875,0.0,-3030.300048828125,0.0,-2080.599609375,-0.0,-630.2197875976562
-12151.400390625,-10181.267578125,-3676.41455078125,2244.3134765625,3275.07666015625,21084.943359375,-1691.1824951171875,3463.42724609375,-2732.27685546875,4603.06787109375,-7329.7822265625,-4723.86669921875,-4911.4228515625,3561.9736328125,1166.66162109375,-3381.570068359375,30.994415283203125,3816.286865234375,5232.4931640625,17064.412109375,3465.0166015625,13107.458984375,2306.30224609375,16730.626953125,-5206.26708984375,-5172.09375,-3142.35693359375,-987.0529174804688,-6204.4462890625,1486.9371337890625,6593.068359375,7510.18505859375,4065.83154296875,5589.326171875,992.6160278320312,6510.41650390625,-301.9968566894531,20349.025390625,-1560.846923828125,-0.0,-1315.2757568359375,9545.4853515625,-1494.0897216796875,464.1214904785156,2224.4453125,9477.138671875,-5118.05224609375,3551.64208984375,-4963.875,-448.2269287109375,-265.4393615722656,10311.603515625,-12444.6552734375,-12315.9091796875,-5764.96142578125,-1258.85009765625,250.33950805664062,-5835.69189453125,-1457.5322265625,-451.4058532714844,-7743.04052734375,4007.81640625,1407.46435546875,1343.885986328125,-5331.83447265625,1045.86279296875,0.0,-3030.300048828125,0.0,-2081.394287109375,-0.0,-635.7828979492188
-12173.65234375,-10187.6259765625,-3674.824951171875,2237.955810546875,3275.07666015625,21076.203125,-1693.566650390625,3457.0693359375,-2744.19775390625,4590.3525390625,-7341.703125,-4731.01953125,-4911.4228515625,3547.66845703125,1167.456298828125,-3401.4384765625,27.02077293395996,3811.518310546875,5226.93017578125,17050.90234375,3461.837890625,13099.5107421875,2303.12353515625,16725.0625,-5205.47265625,-5211.830078125,-3139.97265625,-994.2054443359375,-6204.4462890625,1486.1424560546875,6586.71044921875,7503.82763671875,4062.652587890625,5582.96826171875,991.0265502929688,6504.05859375,-306.7652282714844,20342.66796875,-1555.283935546875,-0.0,-1316.070556640625,9528.7958984375,-1494.0897216796875,458.55841064453125,2219.677001953125,9469.19140625,-5117.2578125,3547.66845703125,-4963.080078125,-450.6111145019531,-267.82354736328125,10304.451171875,-12469.2919921875,-12330.21484375,-5765.75634765625,-1258.0552978515625,251.13424682617188,-5841.25537109375,-1461.505859375,-472.06878662109375,-7748.60400390625,3999.868896484375,1400.311767578125,1328.7862548828125,-5342.16552734375,1033.94189453125,0.0,-3044.605224609375,0.0,-2098.878173828125,-0.0,-654.0616455078125
-12172.8583984375,-10193.1884765625,-3676.41455078125,2237.955810546875,3275.871337890625,21075.40625,-1693.566650390625,3452.301025390625,-2742.6083984375,4585.583984375,-7354.41845703125,-4742.1455078125,-4915.39599609375,3557.205078125,1169.8404541015625,-3407.796142578125,26.226043701171875,3809.928955078125,5227.724609375,17049.3125,3462.63232421875,13097.921875,2301.533935546875,16723.474609375,-5203.08837890625,-5211.03515625,-3143.151611328125,-1000.5632934570312,-6206.83056640625,1486.1424560546875,6584.326171875,7504.6220703125,4061.857666015625,5579.78955078125,990.2318725585938,6502.4697265625,-307.5599670410156,20341.873046875,-1565.6153564453125,-0.0,-1317.6600341796875,9524.822265625,-1494.0897216796875,453.7900390625,2219.677001953125,9466.8076171875,-5126.79443359375,3547.66845703125,-4967.84814453125,-450.6111145019531,-265.4393615722656,10298.888671875,-12435.119140625,-12338.9560546875,-5768.9345703125,-1261.2342529296875,247.955322265625,-5848.40771484375,-1454.353271484375,-464.1214904785156,-7750.193359375,3995.1005859375,1400.311767578125,1336.7335205078125,-5343.75537109375,1021.2262573242188,0.0,-3043.810546875,0.0,-2098.878173828125,-0.0,-654.8563842773438
-12138.6845703125,-10179.6787109375,-3667.67236328125,2266.56591796875,3294.94482421875,21100.044921875,-1672.9036865234375,3468.990234375,-2727.508544921875,4599.09423828125,-7339.31884765625,-4720.68798828125,-4908.24365234375,3570.715576171875,1195.2718505859375,-3382.364990234375,46.09425735473633,3832.18115234375,5249.18212890625,17062.029296875,3481.705810546875,13121.7646484375,2322.197021484375,16745.7265625,-5185.60400390625,-5182.4248046875,-3115.336181640625,-975.9266967773438,-6188.55126953125,1503.62646484375,6604.98974609375,7526.87451171875,4080.93115234375,5602.83642578125,1010.894775390625,6525.5166015625,-286.89703369140625,20359.357421875,-1522.699951171875,-0.0,-1302.5601806640625,9550.25390625,-1472.632080078125,473.6582336425781,2237.160888671875,9481.1123046875,-5117.2578125,3574.689208984375,-4948.77490234375,-434.716552734375,-239.2133026123047,10316.3720703125,-12385.05078125,-12324.650390625,-5752.24560546875,-1227.0609130859375,269.4129943847656,-5842.05029296875,-1439.25341796875,-445.8427429199219,-7722.3779296875,4018.9423828125,1417.0010986328125,1356.6016845703125,-5314.35009765625,1045.86279296875,0.0,-3027.121337890625,0.0,-2078.21533203125,-0.0,-631.0145263671875
-12112.4580078125,-10179.6787109375,-3641.4462890625,2281.665771484375,3310.83935546875,21111.169921875,-1660.1881103515625,3482.500732421875,-2722.740234375,4611.81005859375,-7319.4501953125,-4714.330078125,-4885.19677734375,3576.27880859375,1204.0137939453125,-3369.649169921875,58.80991744995117,3845.691650390625,5259.513671875,17069.974609375,3496.010986328125,13134.4794921875,2334.91259765625,16756.853515625,-5161.76220703125,-5153.0205078125,-3101.031005859375,-962.4163208007812,-6176.63037109375,1499.65283203125,6620.0888671875,7535.6162109375,4097.62060546875,5615.55224609375,1025.199951171875,6539.02685546875,-275.77081298828125,20372.8671875,-1531.4420166015625,-0.0,-1283.4866943359375,9570.1220703125,-1459.91650390625,484.7844543457031,2246.69775390625,9493.828125,-5078.31591796875,3587.405029296875,-4936.85400390625,-445.8427429199219,-229.6765594482422,10332.2666015625,-12376.30859375,-12326.240234375,-5738.7353515625,-1227.855712890625,278.9497375488281,-5815.029296875,-1431.3062744140625,-431.5376281738281,-7717.609375,4034.04248046875,1427.33251953125,1368.522705078125,-5312.7607421875,1067.3204345703125,0.0,-3012.021240234375,0.0,-2066.29443359375,-0.0,-616.7094116210938
-12106.1005859375,-10192.39453125,-3619.98876953125,2282.46044921875,3321.965576171875,21115.14453125,-1653.0355224609375,3489.6533203125,-2716.38232421875,4615.78369140625,-7318.6552734375,-4711.94580078125,-4886.7861328125,3568.33154296875,1211.1663818359375,-3363.29150390625,65.1677474975586,3852.049560546875,5266.66650390625,17077.126953125,3505.5478515625,13139.248046875,2343.654541015625,16764.798828125,-5138.71533203125,-5147.45703125,-3093.87841796875,-958.4426879882812,-6173.45166015625,1506.0106201171875,6625.65234375,7539.59033203125,4107.1572265625,5620.32080078125,1031.5577392578125,6544.58984375,-267.02880859375,20380.81640625,-1536.21044921875,-0.0,-1267.592041015625,9578.068359375,-1451.9691162109375,491.9369812011719,2251.466064453125,9502.5703125,-5073.54736328125,3587.405029296875,-4934.4697265625,-425.9745178222656,-222.5240020751953,10340.2138671875,-12385.8447265625,-12325.4462890625,-5734.76171875,-1262.029052734375,278.9497375488281,-5798.33984375,-1419.38525390625,-418.82196044921875,-7716.814453125,4041.19482421875,1434.485107421875,1365.34375,-5313.55517578125,1071.294189453125,0.0,-3004.86865234375,0.0,-2059.9365234375,-0.0,-615.1199340820312
-12114.8427734375,-10205.9052734375,-3640.651611328125,2265.771240234375,3317.991943359375,21111.96484375,-1654.625,3486.474365234375,-2717.9716796875,4613.3994140625,-7346.47119140625,-4708.76708984375,-4906.654296875,3560.384033203125,1206.39794921875,-3364.086181640625,58.80991744995117,3847.28125,5263.4873046875,17072.359375,3497.6005859375,13133.685546875,2342.065185546875,16763.2109375,-5152.2255859375,-5180.041015625,-3097.85205078125,-959.2374267578125,-6169.47802734375,1504.4212646484375,6620.0888671875,7534.82177734375,4096.03125,5612.37353515625,1028.3787841796875,6540.61669921875,-268.6182556152344,20379.224609375,-1540.18408203125,-0.0,-1275.5394287109375,9566.1474609375,-1452.763916015625,491.9369812011719,2250.67138671875,9500.185546875,-5106.92578125,3573.099853515625,-4930.49609375,-410.0799560546875,-228.8818359375,10337.830078125,-12389.8193359375,-12332.5986328125,-5732.37744140625,-1266.79736328125,268.6182556152344,-5814.234375,-1421.76953125,-428.35870361328125,-7723.96728515625,4039.605712890625,1430.511474609375,1356.6016845703125,-5319.11865234375,1066.5257568359375,0.0,-3011.2265625,0.0,-2062.32080078125,-0.0,-619.8883056640625
-12149.0166015625,-10230.541015625,-3667.67236328125,2237.160888671875,3288.5869140625,21083.35546875,-1683.235107421875,3457.0693359375,-2741.01904296875,4591.14697265625,-7370.31298828125,-4727.84033203125,-4900.296875,3539.72119140625,1179.377197265625,-3400.6435546875,31.789142608642578,3818.6708984375,5234.876953125,17045.33984375,3468.195556640625,13104.279296875,2313.454833984375,16733.8046875,-5192.7568359375,-5209.44580078125,-3131.230712890625,-989.4371337890625,-6187.7568359375,1484.552978515625,6589.0947265625,7505.4169921875,4068.2158203125,5584.55810546875,998.1790771484375,6512.80078125,-297.2284851074219,20348.23046875,-1557.6680908203125,-0.0,-1306.5338134765625,9531.974609375,-1482.1688232421875,462.53204345703125,2222.855712890625,9469.986328125,-5119.6416015625,3546.078857421875,-4951.1591796875,-441.0743713378906,-255.10787963867188,10304.451171875,-12412.0712890625,-12353.2607421875,-5753.04052734375,-1251.697509765625,247.955322265625,-5850.7919921875,-1447.9954833984375,-462.53204345703125,-7751.78271484375,4009.405517578125,1402.696044921875,1334.3492431640625,-5318.32373046875,1033.94189453125,0.0,-3037.45263671875,0.0,-2088.546875,-0.0,-644.52490234375
-12194.3154296875,-10251.9990234375,-3682.7724609375,2216.498046875,3271.10302734375,21062.693359375,-1705.487548828125,3435.61181640625,-2763.271240234375,4568.10009765625,-7376.6708984375,-4752.47705078125,-4902.6806640625,3520.647705078125,1164.2774658203125,-3426.074951171875,10.33147144317627,3798.008056640625,5214.21435546875,17024.67578125,3449.1220703125,13083.6171875,2291.20263671875,16712.34765625,-5201.49853515625,-5218.98291015625,-3154.27783203125,-1006.921142578125,-6207.625,1470.2479248046875,6570.02099609375,7482.3701171875,4048.347412109375,5561.5107421875,977.5161743164062,6492.1376953125,-318.6861572265625,20325.978515625,-1576.7415771484375,-0.0,-1323.22314453125,9511.3115234375,-1505.2159423828125,442.663818359375,2202.193115234375,9450.1181640625,-5130.767578125,3523.031982421875,-4967.84814453125,-463.3267822265625,-271.00244140625,10282.19921875,-12443.8603515625,-12359.619140625,-5771.31884765625,-1258.0552978515625,243.98167419433594,-5874.6337890625,-1464.684814453125,-479.2213439941406,-7778.80322265625,3988.742919921875,1382.032958984375,1317.6600341796875,-5342.16552734375,1009.3053588867188,0.0,-3058.910400390625,0.0,-2113.97802734375,-0.0,-670.7509155273438
-12182.39453125,-10247.23046875,-3683.567138671875,2224.4453125,3275.871337890625,21071.43359375,-1699.9244384765625,3443.558837890625,-2754.529296875,4572.0732421875,-7333.75537109375,-4754.861328125,-4901.8857421875,3529.3896484375,1165.8668212890625,-3413.359375,19.073486328125,3805.955078125,5221.36669921875,17030.23828125,3454.685302734375,13090.76953125,2298.35498046875,16719.5,-5202.29345703125,-5203.08837890625,-3145.53564453125,-1002.1527709960938,-6203.6513671875,1479.78466796875,6578.763671875,7491.90673828125,4054.705078125,5567.86865234375,984.668701171875,6498.49560546875,-313.1230773925781,20332.3359375,-1567.204833984375,-0.0,-1323.22314453125,9521.6435546875,-1498.858154296875,449.02166748046875,2208.55078125,9460.44921875,-5138.71533203125,3531.77392578125,-4964.669921875,-459.3531188964844,-269.4129943847656,10290.1455078125,-12435.9130859375,-12345.314453125,-5765.75634765625,-1254.081787109375,253.5184326171875,-5862.712890625,-1462.3006591796875,-467.3004150390625,-7779.59814453125,3995.1005859375,1387.59619140625,1321.6336669921875,-5332.62890625,1022.0209350585938,0.0,-3054.14208984375,0.0,-2108.414794921875,-0.0,-665.1878662109375
-12122.7900390625,-10197.95703125,-3670.056640625,2265.771240234375,3304.4814453125,21102.427734375,-1672.9036865234375,3477.732421875,-2725.124267578125,4599.88916015625,-7286.86669921875,-4724.6611328125,-4879.63330078125,3560.384033203125,1178.58251953125,-3377.5966796875,45.299530029296875,3833.770751953125,5250.77197265625,17055.669921875,3480.9111328125,13119.3798828125,2326.96533203125,16750.494140625,-5174.47802734375,-5167.32568359375,-3116.925537109375,-968.774169921875,-6181.39892578125,1497.2686767578125,6604.98974609375,7522.90087890625,4080.13671875,5596.47900390625,1012.4841918945312,6527.90087890625,-287.6917419433594,20364.126953125,-1523.4947509765625,-0.0,-1300.970703125,9552.6376953125,-1469.4532470703125,480.810791015625,2233.982177734375,9489.853515625,-5120.43603515625,3573.89453125,-4932.88037109375,-426.7692565917969,-256.69732666015625,10326.703125,-12392.998046875,-12321.47265625,-5741.9140625,-1242.95556640625,271.79718017578125,-5842.8447265625,-1449.5849609375,-444.2532958984375,-7740.65625,4025.300537109375,1416.206298828125,1350.243896484375,-5304.8134765625,1056.1943359375,0.0,-3029.50537109375,0.0,-2083.7783203125,-0.0,-637.372314453125
-12097.3583984375,-10171.7314453125,-3661.314697265625,2288.023681640625,3313.2236328125,21115.14453125,-1659.393310546875,3490.447998046875,-2711.614013671875,4622.93603515625,-7287.6611328125,-4703.20361328125,-4867.71240234375,3573.89453125,1193.682373046875,-3359.31787109375,59.604644775390625,3849.665283203125,5265.87158203125,17069.181640625,3493.626953125,13134.4794921875,2341.2705078125,16765.59375,-5164.146484375,-5149.84130859375,-3105.79931640625,-957.64794921875,-6163.1201171875,1513.9580078125,6620.8837890625,7535.6162109375,4092.0576171875,5611.57861328125,1023.6104736328125,6543.794921875,-272.5919189453125,20380.01953125,-1511.57373046875,-0.0,-1289.844482421875,9567.7373046875,-1456.737548828125,495.1159362792969,2249.081787109375,9501.7744140625,-5107.720703125,3595.35205078125,-4925.72802734375,-418.0272521972656,-243.18695068359375,10339.4189453125,-12368.361328125,-12307.1669921875,-5726.814453125,-1243.750244140625,278.9497375488281,-5813.43994140625,-1436.8692626953125,-428.35870361328125,-7719.99365234375,4040.400146484375,1432.1009521484375,1366.138427734375,-5290.50830078125,1074.4730224609375,0.0,-3005.66357421875,0.0,-2056.757568359375,-0.0,-614.3251953125
-12106.8955078125,-10170.142578125,-3651.778076171875,2283.25537109375,3316.40234375,21109.580078125,-1652.24072265625,3484.885009765625,-2709.229736328125,4619.75732421875,-7295.6083984375,-4692.87255859375,-4862.14990234375,3568.33154296875,1212.755859375,-3368.8544921875,57.220458984375,3849.665283203125,5266.66650390625,17069.181640625,3497.6005859375,13134.4794921875,2342.85986328125,16764.005859375,-5160.1728515625,-5166.53076171875,-3096.2626953125,-963.2110595703125,-6159.94140625,1521.110595703125,6620.8837890625,7532.43798828125,4094.44189453125,5609.9892578125,1026.789306640625,6544.58984375,-268.6182556152344,20377.63671875,-1533.826171875,-0.0,-1283.4866943359375,9562.1748046875,-1452.763916015625,491.14227294921875,2253.0556640625,9499.390625,-5100.568359375,3590.583740234375,-4924.138671875,-422.7956237792969,-224.11346435546875,10333.85546875,-12365.9775390625,-12307.9619140625,-5725.22509765625,-1245.3397216796875,288.4864807128906,-5811.85009765625,-1428.1273193359375,-429.94818115234375,-7729.5302734375,4041.19482421875,1430.511474609375,1358.98583984375,-5283.35546875,1074.4730224609375,0.0,-3008.0478515625,0.0,-2059.141845703125,-0.0,-620.6830444335938
-12129.943359375,-10186.0361328125,-3670.8515625,2253.850341796875,3302.097412109375,21092.892578125,-1670.51953125,3468.990234375,-2724.32958984375,4603.06787109375,-7313.88720703125,-4718.3037109375,-4877.2490234375,3549.258056640625,1194.47705078125,-3389.517578125,34.96805953979492,3832.18115234375,5249.97705078125,17054.080078125,3478.527099609375,13113.81640625,2326.170654296875,16746.521484375,-5177.65673828125,-5186.39892578125,-3108.978271484375,-974.3372802734375,-6185.373046875,1509.1895751953125,6601.015625,7514.95361328125,4073.778564453125,5588.53125,1007.7158203125,6526.3115234375,-285.30755615234375,20358.5625,-1535.4156494140625,-0.0,-1303.3548583984375,9540.716796875,-1468.658447265625,475.2477111816406,2237.160888671875,9480.3173828125,-5126.79443359375,3561.178955078125,-4938.44384765625,-435.5112609863281,-240.00804138183594,10317.9619140625,-12386.6396484375,-12319.8828125,-5749.06689453125,-1250.108154296875,274.9761047363281,-5840.46044921875,-1444.0218505859375,-449.02166748046875,-7752.5771484375,4022.121337890625,1413.0274658203125,1344.6807861328125,-5320.7080078125,1053.81005859375,0.0,-3031.8896484375,0.0,-2081.394287109375,-0.0,-639.7565307617188
-12141.8642578125,-10188.419921875,-3676.41455078125,2240.340087890625,3287.792236328125,21086.53515625,-1680.8509521484375,3466.606201171875,-2725.9189453125,4604.65771484375,-7340.908203125,-4717.5087890625,-4909.03857421875,3556.41064453125,1179.377197265625,-3384.749267578125,23.84185791015625,3823.439453125,5244.4140625,17057.259765625,3467.40087890625,13105.869140625,2317.4287109375,16739.369140625,-5202.29345703125,-5194.34619140625,-3123.283447265625,-979.1055908203125,-6196.4990234375,1499.65283203125,6591.47900390625,7503.03271484375,4064.241943359375,5578.99462890625,997.3843994140625,6519.953125,-293.2548522949219,20354.58984375,-1561.6417236328125,-0.0,-1314.4810791015625,9533.564453125,-1480.579345703125,470.4793395996094,2228.4189453125,9479.5224609375,-5128.3837890625,3550.052734375,-4955.92724609375,-433.92181396484375,-254.31314086914062,10315.5771484375,-12410.4814453125,-12323.8564453125,-5762.5771484375,-1242.1607666015625,259.0815124511719,-5830.12890625,-1455.1480712890625,-449.02166748046875,-7760.52490234375,4014.96875,1409.8485107421875,1351.03857421875,-5331.83447265625,1048.2469482421875,0.0,-3034.27392578125,0.0,-2082.18896484375,-0.0,-635.7828979492188
-12150.60546875,-10205.9052734375,-3672.440673828125,2230.00830078125,3290.17626953125,21078.5859375,-1681.645751953125,3461.837890625,-2721.150634765625,4601.478515625,-7383.0283203125,-4727.84033203125,-4880.42822265625,3569.126220703125,1180.1719970703125,-3384.749267578125,15.09984302520752,3817.876220703125,5241.2353515625,17058.0546875,3465.0166015625,13097.921875,2312.66015625,16735.39453125,-5188.783203125,-5207.0615234375,-3123.283447265625,-985.4635009765625,-6216.3671875,1480.579345703125,6583.53173828125,7490.31689453125,4059.4736328125,5567.86865234375,995.000244140625,6513.595703125,-294.0495910644531,20350.615234375,-1582.3045654296875,-0.0,-1304.9443359375,9523.232421875,-1480.579345703125,463.3267822265625,2228.4189453125,9476.34375,-5125.99951171875,3538.92626953125,-4954.337890625,-448.2269287109375,-253.5184326171875,10310.8095703125,-12443.0654296875,-12344.51953125,-5780.85546875,-1243.750244140625,260.6709899902344,-5839.666015625,-1446.406005859375,-453.7900390625,-7770.0615234375,4010.995361328125,1407.46435546875,1349.44921875,-5346.93408203125,1038.710205078125,0.0,-3042.22119140625,0.0,-2088.546875,-0.0,-642.1406860351562
-12164.91015625,-10219.4150390625,-3679.59326171875,2229.213623046875,3288.5869140625,21073.0234375,-1681.645751953125,3457.0693359375,-2725.124267578125,4595.91552734375,-7403.69189453125,-4733.40380859375,-4893.9384765625,3550.847412109375,1183.3509521484375,-3394.285888671875,15.09984302520752,3816.286865234375,5238.85107421875,17053.28515625,3463.42724609375,13097.126953125,2311.07080078125,16732.216796875,-5191.9619140625,-5207.0615234375,-3129.641357421875,-987.84765625,-6206.83056640625,1475.0162353515625,6584.326171875,7490.31689453125,4056.294921875,5567.07373046875,991.8212890625,6512.00634765625,-297.2284851074219,20350.615234375,-1560.846923828125,-0.0,-1304.9443359375,9521.6435546875,-1483.75830078125,457.763671875,2226.82958984375,9473.1650390625,-5138.71533203125,3536.542236328125,-4966.2587890625,-466.50567626953125,-251.13424682617188,10304.451171875,-12439.091796875,-12345.314453125,-5769.7294921875,-1251.697509765625,260.6709899902344,-5835.69189453125,-1444.816650390625,-455.3794860839844,-7764.498046875,4010.200439453125,1405.8748779296875,1337.5281982421875,-5335.8076171875,1037.120849609375,0.0,-3044.605224609375,0.0,-2089.34130859375,-0.0,-651.6774291992188
-12176.037109375,-10221.798828125,-3680.38818359375,2230.80322265625,3285.407958984375,21075.40625,-1687.208740234375,3455.47998046875,-2735.455810546875,4588.7626953125,-7354.41845703125,-4734.9931640625,-4924.93310546875,3534.952880859375,1174.60888671875,-3395.875244140625,19.868215560913086,3814.697265625,5237.26123046875,17046.927734375,3462.63232421875,13098.716796875,2311.07080078125,16731.419921875,-5203.08837890625,-5207.0615234375,-3132.025390625,-994.2054443359375,-6179.0146484375,1478.989990234375,6586.71044921875,7494.291015625,4058.67919921875,5571.84228515625,992.6160278320312,6512.00634765625,-301.9968566894531,20348.23046875,-1552.899658203125,-0.0,-1314.4810791015625,9525.6162109375,-1487.73193359375,456.1742248535156,2220.4716796875,9469.986328125,-5134.7412109375,3539.72119140625,-4965.46435546875,-448.2269287109375,-258.28680419921875,10306.8349609375,-12433.529296875,-12335.77734375,-5740.32470703125,-1266.79736328125,259.0815124511719,-5826.1552734375,-1457.5322265625,-460.1478576660156,-7758.140625,4010.200439453125,1401.9012451171875,1326.402099609375,-5315.939453125,1037.120849609375,0.0,-3048.578857421875,0.0,-2099.673095703125,-0.0,-657.2405395507812
-12125.1748046875,-10190.009765625,-3665.288330078125,2252.260986328125,3298.91845703125,21099.248046875,-1668.13525390625,3477.732421875,-2716.38232421875,4611.01513671875,-7314.68212890625,-4706.3828125,-4904.27001953125,3566.741943359375,1189.708740234375,-3375.21240234375,40.531158447265625,3834.5654296875,5256.3349609375,17066.796875,3478.527099609375,13122.55859375,2328.554931640625,16753.673828125,-5180.041015625,-5183.2197265625,-3112.951904296875,-970.3636474609375,-6175.8359375,1502.831787109375,6607.37353515625,7518.92724609375,4076.162841796875,5595.68408203125,1010.894775390625,6535.05322265625,-282.9233703613281,20368.099609375,-1539.3892822265625,-0.0,-1310.5074462890625,9551.0478515625,-1471.83740234375,480.0160827636719,2237.955810546875,9490.6494140625,-5103.7470703125,3560.384033203125,-4952.74853515625,-429.94818115234375,-243.98167419433594,10330.6767578125,-12399.35546875,-12309.55078125,-5737.14599609375,-1244.544921875,268.6182556152344,-5808.67138671875,-1441.6376953125,-440.2796325683594,-7739.86181640625,4030.86328125,1422.564208984375,1351.03857421875,-5299.25,1063.346923828125,0.0,-3029.50537109375,0.0,-2075.036376953125,-0.0,-630.2197875976562
-12141.068359375,-10193.1884765625,-3668.46728515625,2241.92919921875,3309.25,21097.66015625,-1666.5458984375,3476.9375,-2710.024658203125,4620.55224609375,-7336.1396484375,-4712.740234375,-4915.39599609375,3575.484130859375,1186.52978515625,-3371.23876953125,36.55751419067383,3835.3603515625,5256.3349609375,17075.5390625,3477.732421875,13124.1484375,2330.144287109375,16753.673828125,-5193.5517578125,-5180.8359375,-3103.415283203125,-967.9794311523438,-6186.9619140625,1495.67919921875,6604.98974609375,7514.15869140625,4072.984130859375,5594.0947265625,1010.1000366210938,6535.84814453125,-277.36029052734375,20365.71484375,-1547.3365478515625,-0.0,-1312.096923828125,9551.8427734375,-1459.91650390625,477.63189697265625,2240.340087890625,9490.6494140625,-5114.07861328125,3547.66845703125,-5021.09521484375,-442.663818359375,-246.36587524414062,10329.8828125,-12416.83984375,-12327.03515625,-5749.861328125,-1242.95556640625,258.28680419921875,-5824.56591796875,-1443.2271728515625,-446.6374816894531,-7743.04052734375,4030.86328125,1424.9483642578125,1365.34375,-5307.19775390625,1058.5784912109375,0.0,-3027.121337890625,0.0,-2069.47314453125,-0.0,-618.298828125
-12167.294921875,-10217.0302734375,-3683.567138671875,2238.75048828125,3314.81298828125,21093.6875,-1667.340576171875,3473.7587890625,-2710.8193359375,4614.1943359375,-7347.265625,-4727.84033203125,-4927.3173828125,3581.047119140625,1180.1719970703125,-3376.007080078125,27.815500259399414,3831.386474609375,5256.3349609375,17073.154296875,3471.37451171875,13116.2001953125,2330.144287109375,16747.31640625,-5217.3935546875,-5174.47802734375,-3111.362548828125,-975.9266967773438,-6200.47216796875,1479.78466796875,6595.45263671875,7504.6220703125,4064.241943359375,5586.1474609375,1006.921142578125,6531.07958984375,-279.7444763183594,20364.126953125,-1549.720703125,-0.0,-1321.6336669921875,9551.0478515625,-1447.2008056640625,473.6582336425781,2237.955810546875,9487.4697265625,-5137.12548828125,3546.078857421875,-5083.87890625,-443.45855712890625,-253.5184326171875,10325.908203125,-12434.3232421875,-12350.08203125,-5761.7822265625,-1257.2606201171875,251.13424682617188,-5829.33447265625,-1443.2271728515625,-452.2005615234375,-7750.98779296875,4026.889892578125,1421.76953125,1364.549072265625,-5324.681640625,1052.220703125,0.0,-3029.50537109375,0.0,-2074.24169921875,-0.0,-626.2461547851562
-12147.4267578125,-10178.8837890625,-3637.472900390625,2300.7392578125,3372.828125,21135.01171875,-1619.6568603515625,3514.289794921875,-2667.90380859375,4657.10986328125,-7304.3505859375,-4681.74609375,-4905.06494140625,3632.70458984375,1217.524169921875,-3337.860107421875,70.73084259033203,3875.0966796875,5302.42919921875,17116.865234375,3516.674072265625,13159.1162109375,2381.801513671875,16790.232421875,-5171.298828125,-5135.5361328125,-3078.778564453125,-937.7797241210938,-6182.19384765625,1528.2630615234375,6639.95751953125,7548.33203125,4108.7470703125,5629.0625,1057.78369140625,6574.78955078125,-233.65020751953125,20408.630859375,-1496.473876953125,-0.0,-1271.5657958984375,9589.1953125,-1382.8277587890625,514.984130859375,2283.25537109375,9531.1806640625,-5091.826171875,3608.06787109375,-4952.74853515625,-394.1853942871094,-216.1661834716797,10365.6455078125,-12397.765625,-12312.7294921875,-5741.9140625,-1218.3189697265625,274.1813659667969,-5780.85546875,-1403.49072265625,-404.516845703125,-7709.662109375,4069.80517578125,1465.4794921875,1422.564208984375,-5296.86572265625,1104.6727294921875,0.0,-2976.258544921875,0.0,-2022.584228515625,-0.0,-570.6151123046875
-12115.6376953125,-10155.0419921875,-3611.246826171875,2330.144287109375,3367.264892578125,21156.46875,-1610.914794921875,3530.1845703125,-2657.572509765625,4676.18310546875,-7293.22412109375,-4668.23583984375,-4867.71240234375,3642.2412109375,1234.2135009765625,-3329.117919921875,89.00960540771484,3888.60693359375,5315.14501953125,17133.5546875,3532.568603515625,13176.6005859375,2387.36474609375,16806.921875,-5140.3046875,-5106.92578125,-3079.573486328125,-913.9378662109375,-6162.3251953125,1551.3101806640625,6658.23583984375,7567.40576171875,4127.8203125,5648.13623046875,1067.3204345703125,6593.068359375,-226.49765014648438,20422.140625,-1491.70556640625,-0.0,-1255.671142578125,9609.0634765625,-1393.9539794921875,535.6470947265625,2292.7919921875,9548.6640625,-5060.83154296875,3639.062255859375,-4881.22314453125,-371.13824462890625,-200.2716064453125,10379.1552734375,-12381.87109375,-12294.4521484375,-5723.63525390625,-1190.50341796875,290.87066650390625,-5761.7822265625,-1393.9539794921875,-374.3171691894531,-7691.38330078125,4076.162841796875,1475.81103515625,1434.485107421875,-5287.3291015625,1119.7725830078125,0.0,-2957.18505859375,0.0,-1994.768798828125,-0.0,-550.7469482421875
-12097.3583984375,-10183.65234375,-3629.525390625,2312.66015625,3320.376220703125,21142.1640625,-1645.8829345703125,3506.342529296875,-2682.208984375,4651.54638671875,-7298.78759765625,-4683.3359375,-4827.97607421875,3608.06787109375,1231.03466796875,-3352.9599609375,69.93611907958984,3862.380859375,5283.35546875,17107.328125,3505.5478515625,13156.7314453125,2345.244140625,16785.462890625,-5128.3837890625,-5111.6943359375,-3081.16259765625,-929.8324584960938,-6143.251953125,1511.57373046875,6637.5732421875,7548.33203125,4109.54150390625,5629.0625,1031.5577392578125,6572.4052734375,-260.6709899902344,20395.9140625,-1508.3948974609375,-0.0,-1271.5657958984375,9599.5263671875,-1469.4532470703125,518.1630249023438,2265.771240234375,9522.4384765625,-5072.75244140625,3620.783447265625,-4848.63916015625,-380.67498779296875,-204.24525451660156,10357.697265625,-12386.6396484375,-12323.0615234375,-5705.3564453125,-1207.9874267578125,309.1494140625,-5791.1875,-1410.6431884765625,-398.9537658691406,-7710.45703125,4045.16845703125,1448.7901611328125,1404.285400390625,-5290.50830078125,1091.95703125,0.0,-2987.384765625,0.0,-2028.1474609375,-0.0,-575.3834838867188
-12117.2265625,-10225.7724609375,-3652.57275390625,2288.818359375,3295.739501953125,21115.9375,-1667.340576171875,3487.26904296875,-2702.8720703125,4635.65185546875,-7320.2451171875,-4700.8193359375,-4859.765625,3579.45751953125,1215.934814453125,-3360.112548828125,46.88898849487305,3840.128662109375,5262.69287109375,17088.255859375,3485.6796875,13133.685546875,2322.99169921875,16761.62109375,-5152.2255859375,-5132.35693359375,-3093.083740234375,-961.62158203125,-6169.47802734375,1476.605712890625,6614.5263671875,7525.28515625,4087.289306640625,5608.39990234375,1008.5106201171875,6546.97412109375,-278.9497375488281,20375.251953125,-1536.21044921875,-0.0,-1293.0234375,9576.4794921875,-1490.910888671875,491.14227294921875,2245.1083984375,9504.1591796875,-5093.41552734375,3595.35205078125,-4875.66015625,-413.2588806152344,-218.5503692626953,10340.2138671875,-12380.2822265625,-12354.8505859375,-5732.37744140625,-1243.750244140625,298.8179626464844,-5795.95556640625,-1429.7166748046875,-419.61669921875,-7740.65625,4025.300537109375,1428.1273193359375,1384.417236328125,-5304.0185546875,1068.9100341796875,0.0,-2994.537353515625,0.0,-2037.6842041015625,-0.0,-588.8939208984375
-12154.5791015625,-10221.798828125,-3664.49365234375,2268.1552734375,3296.5341796875,21091.302734375,-1673.698486328125,3473.7587890625,-2710.024658203125,4627.70458984375,-7334.55029296875,-4703.99853515625,-4896.32275390625,3571.51025390625,1199.2454833984375,-3368.8544921875,35.762786865234375,3829.00244140625,5254.74560546875,17081.1015625,3476.142822265625,13117.7900390625,2319.01806640625,16744.931640625,-5171.298828125,-5166.53076171875,-3109.77294921875,-977.5161743164062,-6189.34619140625,1481.3741455078125,6602.60546875,7513.3642578125,4079.341796875,5594.88916015625,1002.1527709960938,6531.8740234375,-290.075927734375,20364.919921875,-1543.3629150390625,-0.0,-1308.91796875,9553.4326171875,-1484.552978515625,475.2477111816406,2235.571533203125,9493.033203125,-5103.7470703125,3575.484130859375,-4914.6015625,-453.7900390625,-236.82911682128906,10327.498046875,-12405.712890625,-12354.8505859375,-5752.24560546875,-1247.723876953125,268.6182556152344,-5791.1875,-1440.843017578125,-422.0008850097656,-7755.75634765625,4016.55810546875,1420.9747314453125,1370.9068603515625,-5324.681640625,1065.7310791015625,0.0,-3006.458251953125,0.0,-2044.8367919921875,-0.0,-597.6359252929688
-12153.78515625,-10194.7783203125,-3650.1884765625,2257.823974609375,3305.276123046875,21090.5078125,-1672.1090087890625,3474.553466796875,-2704.46142578125,4628.49951171875,-7330.57666015625,-4701.6142578125,-4893.14404296875,3577.8681640625,1187.324462890625,-3371.23876953125,37.35224533081055,3830.591796875,5256.3349609375,17085.87109375,3480.11669921875,13119.3798828125,2320.607421875,16746.521484375,-5160.96728515625,-5183.2197265625,-3114.541259765625,-975.1319580078125,-6192.525390625,1503.62646484375,6604.19482421875,7514.15869140625,4084.1103515625,5590.91552734375,1005.3316650390625,6533.4638671875,-287.6917419433594,20365.71484375,-1540.18408203125,-0.0,-1300.970703125,9547.07421875,-1478.989990234375,477.63189697265625,2237.160888671875,9493.828125,-5096.59423828125,3567.53662109375,-4924.93310546875,-441.8691101074219,-247.955322265625,10326.703125,-12412.0712890625,-12335.77734375,-5754.62939453125,-1254.87646484375,263.8498840332031,-5799.92919921875,-1440.0482177734375,-422.0008850097656,-7748.60400390625,4017.35302734375,1423.35888671875,1369.3173828125,-5337.39697265625,1068.9100341796875,0.0,-3007.2529296875,0.0,-2048.015625,-0.0,-603.198974609375
-12161.7314453125,-10188.419921875,-3657.341064453125,2251.466064453125,3310.04443359375,21088.123046875,-1672.9036865234375,3472.964111328125,-2706.05078125,4619.75732421875,-7349.64990234375,-4707.97216796875,-4885.19677734375,3576.27880859375,1188.1192626953125,-3377.5966796875,33.37860107421875,3828.207763671875,5254.74560546875,17083.486328125,3478.527099609375,13116.2001953125,2318.22314453125,16747.31640625,-5159.3779296875,-5170.50390625,-3111.362548828125,-974.3372802734375,-6189.34619140625,1512.3685302734375,6599.42626953125,7513.3642578125,4080.13671875,5586.1474609375,1004.5369873046875,6532.6689453125,-286.89703369140625,20363.330078125,-1516.3421630859375,-0.0,-1301.765380859375,9542.3056640625,-1476.605712890625,472.863525390625,2235.571533203125,9489.853515625,-5096.59423828125,3561.178955078125,-4928.90673828125,-448.2269287109375,-245.57113647460938,10321.9345703125,-12418.4296875,-12314.3193359375,-5751.451171875,-1290.6392822265625,273.3866271972656,-5807.87646484375,-1445.611328125,-433.92181396484375,-7738.27197265625,4018.14794921875,1424.9483642578125,1363.7542724609375,-5333.423828125,1075.267822265625,0.0,-3022.35302734375,0.0,-2075.8310546875,-0.0,-619.8883056640625
-12177.626953125,-10181.267578125,-3649.393798828125,2255.439697265625,3313.2236328125,21088.91796875,-1667.340576171875,3475.34814453125,-2704.46142578125,4624.525390625,-7345.67626953125,-4705.587890625,-4886.7861328125,3575.484130859375,1201.629638671875,-3372.828125,33.37860107421875,3829.797119140625,5257.92431640625,17087.458984375,3481.705810546875,13116.2001953125,2321.40234375,16748.109375,-5165.73583984375,-5173.68310546875,-3101.031005859375,-975.9266967773438,-6183.783203125,1513.9580078125,6599.42626953125,7510.97998046875,4084.1103515625,5584.55810546875,1006.1264038085938,6535.05322265625,-281.33392333984375,20366.509765625,-1529.8525390625,-0.0,-1301.765380859375,9538.3330078125,-1470.2479248046875,472.863525390625,2241.134765625,9493.828125,-5103.7470703125,3565.947265625,-4924.138671875,-440.2796325683594,-233.65020751953125,10326.703125,-12411.2763671875,-12288.8876953125,-5744.29833984375,-1283.4866943359375,278.1549987792969,-5791.1875,-1436.8692626953125,-428.35870361328125,-7747.0146484375,4019.7373046875,1429.7166748046875,1364.549072265625,-5310.37646484375,1072.0888671875,0.0,-3017.58447265625,0.0,-2066.29443359375,-0.0,-614.3251953125
-12144.248046875,-10170.9365234375,-3646.21484375,2263.386962890625,3317.991943359375,21101.6328125,-1657.8038330078125,3485.6796875,-2694.924560546875,4634.857421875,-7332.96044921875,-4701.6142578125,-4891.55419921875,3590.583740234375,1204.80859375,-3359.31787109375,42.1206169128418,3837.744384765625,5269.05078125,17096.201171875,3488.8583984375,13126.5322265625,2330.93896484375,16758.44140625,-5164.94140625,-5179.24658203125,-3099.44140625,-963.2110595703125,-6175.8359375,1532.2366943359375,6610.55224609375,7521.3115234375,4092.0576171875,5594.0947265625,1014.07373046875,6543.794921875,-273.3866271972656,20378.431640625,-1518.726318359375,-0.0,-1299.3812255859375,9546.2802734375,-1463.0953369140625,486.3739013671875,2253.0556640625,9504.1591796875,-5108.51513671875,3573.89453125,-4927.3173828125,-413.2588806152344,-228.8818359375,10338.6240234375,-12401.740234375,-12271.404296875,-5737.14599609375,-1219.9083251953125,271.79718017578125,-5785.6240234375,-1428.1273193359375,-416.4377746582031,-7744.63037109375,4029.27392578125,1440.0482177734375,1370.9068603515625,-5307.99267578125,1076.0625,0.0,-3004.07421875,0.0,-2050.39990234375,-0.0,-607.9674072265625
-12118.021484375,-10170.142578125,-3650.983154296875,2261.797607421875,3317.991943359375,21108.78515625,-1653.8302001953125,3489.6533203125,-2689.361572265625,4636.4462890625,-7304.3505859375,-4697.64111328125,-4894.7333984375,3595.35205078125,1204.80859375,-3359.31787109375,45.299530029296875,3841.718017578125,5275.408203125,17100.96875,3490.447998046875,13131.30078125,2334.117919921875,16764.005859375,-5175.2724609375,-5186.39892578125,-3096.2626953125,-956.8532104492188,-6181.39892578125,1538.5946044921875,6615.32080078125,7527.66943359375,4094.44189453125,5597.2734375,1018.04736328125,6547.76904296875,-270.2077331542969,20382.404296875,-1513.9580078125,-0.0,-1302.5601806640625,9552.6376953125,-1456.737548828125,491.14227294921875,2256.234375,9508.927734375,-5098.978515625,3570.715576171875,-4930.49609375,-408.4905090332031,-229.6765594482422,10343.392578125,-12394.587890625,-12284.119140625,-5742.70849609375,-1195.2718505859375,271.79718017578125,-5793.5712890625,-1425.7431640625,-418.82196044921875,-7737.4775390625,4032.453125,1444.816650390625,1379.6488037109375,-5310.37646484375,1082.42041015625,0.0,-2997.71630859375,0.0,-2051.9892578125,-0.0,-609.5568237304688
-12133.12109375,-10202.7255859375,-3673.235595703125,2245.1083984375,3306.071044921875,21087.328125,-1672.1090087890625,3469.784912109375,-2706.845458984375,4612.6044921875,-7309.91357421875,-4707.97216796875,-4904.27001953125,3569.9208984375,1186.52978515625,-3381.570068359375,27.02077293395996,3822.64453125,5257.1298828125,17079.51171875,3474.553466796875,13113.81640625,2317.4287109375,16745.7265625,-5183.2197265625,-5205.47265625,-3110.56787109375,-978.3109130859375,-6196.4990234375,1513.1632080078125,6597.8369140625,7508.595703125,4075.368408203125,5578.99462890625,1002.9474487304688,6531.07958984375,-286.102294921875,20365.71484375,-1537.005126953125,-0.0,-1316.070556640625,9534.359375,-1471.83740234375,472.863525390625,2237.955810546875,9489.0595703125,-5116.462890625,3553.2314453125,-4943.2119140625,-434.716552734375,-245.57113647460938,10321.9345703125,-12421.6083984375,-12322.2666015625,-5760.19287109375,-1211.1663818359375,267.02880859375,-5826.1552734375,-1442.432373046875,-441.0743713378906,-7751.78271484375,4014.174072265625,1428.1273193359375,1362.164794921875,-5323.091796875,1056.989013671875,0.0,-3017.58447265625,0.0,-2076.625732421875,-0.0,-628.6303100585938
-12157.7578125,-10223.388671875,-3689.130126953125,2249.081787109375,3294.94482421875,21082.560546875,-1682.4404296875,3459.45361328125,-2719.561279296875,4598.29931640625,-7330.57666015625,-4727.04541015625,-4913.80712890625,3554.0263671875,1178.58251953125,-3394.285888671875,16.689300537109375,3814.697265625,5248.3876953125,17066.001953125,3465.8115234375,13108.25390625,2309.4814453125,16736.984375,-5187.193359375,-5195.935546875,-3122.48876953125,-987.84765625,-6207.625,1508.3948974609375,6588.30029296875,7498.26416015625,4063.447509765625,5571.84228515625,991.8212890625,6524.7216796875,-296.43377685546875,20354.58984375,-1552.10498046875,-0.0,-1325.6072998046875,9531.1806640625,-1482.1688232421875,463.3267822265625,2226.034912109375,9477.138671875,-5140.3046875,3555.61572265625,-4954.337890625,-445.8427429199219,-255.10787963867188,10313.193359375,-12445.4501953125,-12334.1875,-5769.7294921875,-1225.471435546875,259.8762512207031,-5846.0234375,-1451.9691162109375,-451.4058532714844,-7758.140625,4004.63720703125,1417.7957763671875,1344.6807861328125,-5326.27099609375,1045.86279296875,0.0,-3038.247314453125,0.0,-2092.5205078125,-0.0,-641.345947265625
-12168.08984375,-10221.0048828125,-3690.7197265625,2228.4189453125,3297.328857421875,21077.791015625,-1684.0299072265625,3455.47998046875,-2721.150634765625,4595.91552734375,-7317.06640625,-4723.86669921875,-4910.6279296875,3552.436767578125,1180.9666748046875,-3398.259521484375,10.33147144317627,3809.928955078125,5244.4140625,17064.412109375,3461.837890625,13101.8955078125,2307.09716796875,16733.01171875,-5191.9619140625,-5198.31982421875,-3119.3095703125,-991.0265502929688,-6202.8564453125,1480.579345703125,6583.53173828125,7488.7275390625,4058.67919921875,5565.484375,991.0265502929688,6519.953125,-298.0232238769531,20351.41015625,-1560.05224609375,-0.0,-1325.6072998046875,9529.5908203125,-1482.1688232421875,459.3531188964844,2223.650634765625,9473.1650390625,-5135.5361328125,3534.157958984375,-4947.185546875,-450.6111145019531,-251.928955078125,10310.8095703125,-12432.734375,-12350.08203125,-5763.3720703125,-1246.1343994140625,262.26043701171875,-5842.05029296875,-1451.1744384765625,-458.55841064453125,-7766.087890625,4002.253173828125,1413.8221435546875,1341.5018310546875,-5342.96044921875,1048.2469482421875,0.0,-3048.578857421875,0.0,-2097.288818359375,-0.0,-642.9354248046875
-12166.5,-10207.494140625,-3674.824951171875,2225.239990234375,3311.634033203125,21084.943359375,-1674.4931640625,3462.63232421875,-2713.998046875,4604.65771484375,-7324.21875,-4721.48291015625,-4907.44921875,3557.205078125,1194.47705078125,-3382.364990234375,17.48402976989746,3818.6708984375,5250.77197265625,17070.76953125,3472.169189453125,13109.8427734375,2315.839111328125,16740.1640625,-5190.37255859375,-5179.24658203125,-3105.004638671875,-979.900390625,-6198.08837890625,1481.3741455078125,6590.6845703125,7495.08544921875,4067.4208984375,5572.63720703125,1001.3580322265625,6529.490234375,-290.075927734375,20358.5625,-1557.6680908203125,-0.0,-1309.7127685546875,9539.126953125,-1470.2479248046875,468.8898620605469,2233.1875,9478.728515625,-5120.43603515625,3532.568603515625,-4929.701171875,-436.3059997558594,-239.2133026123047,10320.345703125,-12430.3505859375,-12345.314453125,-5759.39794921875,-1244.544921875,267.82354736328125,-5836.48681640625,-1444.816650390625,-456.96893310546875,-7762.9091796875,4012.584716796875,1421.76953125,1346.270263671875,-5352.4970703125,1053.015380859375,0.0,-3044.605224609375,0.0,-2094.10986328125,-0.0,-637.372314453125
-12157.7578125,-10186.0361328125,-3659.72509765625,2249.081787109375,3327.52880859375,21097.66015625,-1657.0091552734375,3476.142822265625,-2699.69287109375,4619.75732421875,-7355.21337890625,-4707.177734375,-4890.759765625,3564.357666015625,1220.703125,-3368.8544921875,34.1733283996582,3832.18115234375,5267.46142578125,17083.486328125,3487.26904296875,13125.7373046875,2334.117919921875,16756.853515625,-5180.041015625,-5168.1201171875,-3082.752197265625,-967.9794311523438,-6194.11474609375,1501.2423095703125,6605.7841796875,7514.15869140625,4084.1103515625,5589.326171875,1017.2525634765625,6544.58984375,-272.5919189453125,20374.45703125,-1541.7734375,-0.0,-1292.228759765625,9550.25390625,-1452.763916015625,480.810791015625,2248.287109375,9493.828125,-5131.5625,3555.61572265625,-4916.19091796875,-421.2061462402344,-216.1661834716797,10335.4453125,-12414.455078125,-12321.47265625,-5756.21923828125,-1231.03466796875,295.6390380859375,-5826.1552734375,-1432.8956298828125,-443.45855712890625,-7744.63037109375,4030.06884765625,1437.6640625,1358.98583984375,-5311.9658203125,1061.7574462890625,0.0,-3026.326416015625,0.0,-2075.036376953125,-0.0,-619.0935668945312
-12156.1689453125,-10197.1630859375,-3676.41455078125,2253.0556640625,3310.83935546875,21098.455078125,-1659.393310546875,3480.9111328125,-2698.103759765625,4623.73095703125,-7338.52392578125,-4706.3828125,-4909.83349609375,3564.357666015625,1216.7294921875,-3363.29150390625,31.789142608642578,3827.412841796875,5269.05078125,17088.255859375,3477.732421875,13124.1484375,2329.349609375,16756.853515625,-5204.677734375,-5174.47802734375,-3089.90478515625,-967.9794311523438,-6181.39892578125,1509.1895751953125,6603.39990234375,7512.5693359375,4076.957763671875,5587.73681640625,1008.5106201171875,6542.2060546875,-275.77081298828125,20376.83984375,-1546.5418701171875,-0.0,-1315.2757568359375,9547.8701171875,-1459.1217041015625,482.4002685546875,2247.492431640625,9494.6220703125,-5141.099609375,3558.794677734375,-4941.6220703125,-418.0272521972656,-219.3450927734375,10337.03515625,-12402.5341796875,-12315.9091796875,-5744.29833984375,-1227.0609130859375,283.7181091308594,-5818.2080078125,-1434.485107421875,-439.48492431640625,-7746.2197265625,4026.889892578125,1440.0482177734375,1364.549072265625,-5296.0712890625,1060.16796875,0.0,-3023.942138671875,0.0,-2068.6787109375,-0.0,-613.5304565429688
-12175.2421875,-10233.7197265625,-3701.051025390625,2230.80322265625,3286.99755859375,21071.43359375,-1680.0562744140625,3459.45361328125,-2715.587646484375,4603.86279296875,-7330.57666015625,-4727.84033203125,-4916.98583984375,3543.69482421875,1196.861328125,-3389.517578125,8.74201488494873,3804.365966796875,5248.3876953125,17070.76953125,3453.095703125,13099.5107421875,2306.30224609375,16732.216796875,-5221.36669921875,-5207.0615234375,-3107.388671875,-994.2054443359375,-6190.935546875,1475.0162353515625,6576.37939453125,7490.31689453125,4053.11572265625,5563.89453125,984.668701171875,6517.56884765625,-295.6390380859375,20354.58984375,-1563.2310791015625,-0.0,-1352.6280517578125,9516.080078125,-1480.579345703125,456.1742248535156,2226.82958984375,9473.1650390625,-5147.45703125,3538.1318359375,-4963.875,-449.02166748046875,-236.82911682128906,10315.5771484375,-12408.892578125,-12344.51953125,-5753.04052734375,-1262.029052734375,254.31314086914062,-5832.51318359375,-1446.406005859375,-460.1478576660156,-7769.2666015625,4003.8427734375,1418.590576171875,1343.09130859375,-5319.11865234375,1041.88916015625,0.0,-3042.22119140625,0.0,-2089.34130859375,-0.0,-637.372314453125
-12191.931640625,-10232.130859375,-3699.461669921875,2221.2666015625,3293.355224609375,21061.896484375,-1687.208740234375,3445.943115234375,-2727.508544921875,4586.37841796875,-7352.0341796875,-4740.55615234375,-4889.17041015625,3525.416015625,1183.3509521484375,-3410.180419921875,1.5894571542739868,3798.008056640625,5240.4404296875,17058.849609375,3450.71142578125,13090.76953125,2303.12353515625,16723.474609375,-5195.140625,-5216.5986328125,-3108.18359375,-1006.921142578125,-6215.572265625,1475.81103515625,6570.81591796875,7479.98583984375,4049.936767578125,5555.94775390625,983.8739624023438,6509.6220703125,-300.40740966796875,20343.462890625,-1577.5362548828125,-0.0,-1341.5018310546875,9507.3388671875,-1482.963623046875,444.2532958984375,2218.08740234375,9461.2431640625,-5137.92041015625,3530.979248046875,-4949.56982421875,-463.3267822265625,-248.75006103515625,10301.2724609375,-12428.7607421875,-12362.7978515625,-5778.4716796875,-1269.181640625,263.8498840332031,-5850.7919921875,-1448.7901611328125,-476.04241943359375,-7781.982421875,3995.8955078125,1408.259033203125,1324.017822265625,-5351.7021484375,1023.6104736328125,0.0,-3057.32080078125,0.0,-2113.183349609375,-0.0,-662.0089111328125
-12222.92578125,-10234.515625,-3700.25634765625,2220.4716796875,3284.61328125,21059.513671875,-1694.361328125,3445.943115234375,-2727.508544921875,4581.6103515625,-7365.544921875,-4746.119140625,-4905.859375,3533.36328125,1169.8404541015625,-3405.411865234375,0.0,3794.0341796875,5237.26123046875,17058.849609375,3449.1220703125,13086.7958984375,2295.970947265625,16722.6796875,-5199.9091796875,-5222.16162109375,-3126.462158203125,-1003.7421875,-6210.80419921875,1475.81103515625,6569.2265625,7476.806640625,4046.758056640625,5552.7685546875,980.6951293945312,6508.8271484375,-307.5599670410156,20343.462890625,-1576.7415771484375,-0.0,-1341.5018310546875,9501.7744140625,-1491.70556640625,445.8427429199219,2213.319091796875,9460.44921875,-5143.4833984375,3530.979248046875,-4969.43798828125,-464.9162292480469,-263.05517578125,10302.06640625,-12458.9609375,-12369.9501953125,-5773.703125,-1272.3604736328125,262.26043701171875,-5853.17626953125,-1459.91650390625,-483.1949768066406,-7788.34033203125,3994.30615234375,1408.259033203125,1325.6072998046875,-5355.67626953125,1022.0209350585938,0.0,-3064.473388671875,0.0,-2117.156982421875,-0.0,-663.598388671875
-12235.6416015625,-10244.0517578125,-3709.79296875,2209.345458984375,3273.487060546875,21053.15625,-1703.1033935546875,3441.9697265625,-2737.83984375,4580.02099609375,-7363.16064453125,-4749.2978515625,-4920.95947265625,3528.594970703125,1164.2774658203125,-3410.180419921875,-10.33147144317627,3786.881591796875,5230.90380859375,17052.4921875,3441.9697265625,13078.8486328125,2283.25537109375,16715.52734375,-5215.00927734375,-5230.90380859375,-3144.740966796875,-1008.5106201171875,-6208.419921875,1454.353271484375,6558.10009765625,7469.654296875,4038.810791015625,5545.6162109375,969.5689086914062,6502.4697265625,-317.0967102050781,20336.30859375,-1573.5626220703125,-0.0,-1351.03857421875,9495.41796875,-1505.2159423828125,439.48492431640625,2204.5771484375,9453.296875,-5155.40478515625,3519.852783203125,-4986.12744140625,-469.6846008300781,-270.2077331542969,10297.298828125,-12478.0341796875,-12380.2822265625,-5772.11376953125,-1282.69189453125,261.4656982421875,-5869.865234375,-1468.658447265625,-487.9633483886719,-7797.08251953125,3985.563720703125,1400.311767578125,1324.8125,-5354.08642578125,1022.815673828125,0.0,-3071.6259765625,0.0,-2120.3359375,-0.0,-664.3931274414062
-12208.62109375,-10236.1044921875,-3695.488037109375,2219.677001953125,3289.3818359375,21067.4609375,-1691.9771728515625,3451.50634765625,-2725.124267578125,4598.29931640625,-7352.8291015625,-4737.376953125,-4901.8857421875,3537.337158203125,1176.1983642578125,-3407.796142578125,0.7947285771369934,3798.008056640625,5243.61962890625,17065.20703125,3454.685302734375,13091.564453125,2295.970947265625,16729.037109375,-5194.34619140625,-5212.625,-3133.61474609375,-998.973876953125,-6200.47216796875,1458.326904296875,6571.61083984375,7480.7802734375,4050.731689453125,5559.12646484375,982.2845458984375,6514.390625,-305.17578125,20348.23046875,-1571.97314453125,-0.0,-1335.9388427734375,9508.927734375,-1494.0897216796875,452.2005615234375,2216.498046875,9464.4228515625,-5149.04638671875,3527.80029296875,-4965.46435546875,-454.5847473144531,-259.0815124511719,10306.8349609375,-12472.470703125,-12365.181640625,-5764.16650390625,-1268.3868408203125,268.6182556152344,-5860.32861328125,-1451.9691162109375,-469.6846008300781,-7789.134765625,3997.484619140625,1407.46435546875,1336.7335205078125,-5353.2919921875,1031.5577392578125,0.0,-3056.526123046875,0.0,-2100.4677734375,-0.0,-651.6774291992188
-12172.8583984375,-10220.2099609375,-3675.619873046875,2241.92919921875,3317.991943359375,21095.275390625,-1668.13525390625,3476.9375,-2697.308837890625,4622.93603515625,-7354.41845703125,-4725.4560546875,-4901.09130859375,3567.53662109375,1188.1192626953125,-3375.21240234375,27.815500259399414,3824.23388671875,5269.845703125,17091.431640625,3479.32177734375,13118.5849609375,2323.786376953125,16756.853515625,-5176.8623046875,-5178.45166015625,-3108.18359375,-973.5425415039062,-6197.2939453125,1481.3741455078125,6598.63134765625,7507.80126953125,4075.368408203125,5585.3525390625,1006.921142578125,6542.2060546875,-280.5391845703125,20376.046875,-1545.7471923828125,-0.0,-1315.2757568359375,9539.921875,-1462.3006591796875,479.2213439941406,2239.545166015625,9488.2646484375,-5134.7412109375,3550.847412109375,-4982.9482421875,-430.7428894042969,-245.57113647460938,10334.6513671875,-12451.8076171875,-12345.314453125,-5759.39794921875,-1248.5185546875,259.0815124511719,-5822.9765625,-1432.8956298828125,-445.0480041503906,-7762.9091796875,4026.889892578125,1432.1009521484375,1363.7542724609375,-5342.96044921875,1045.86279296875,0.0,-3026.326416015625,0.0,-2078.21533203125,-0.0,-624.6566772460938
-12172.8583984375,-10225.7724609375,-3661.314697265625,2256.234375,3339.44970703125,21100.83984375,-1652.24072265625,3484.885009765625,-2679.0302734375,4642.8046875,-7367.13427734375,-4714.330078125,-4899.501953125,3589.7890625,1195.2718505859375,-3376.007080078125,38.14697265625,3837.744384765625,5284.150390625,17112.09765625,3493.626953125,13128.9169921875,2342.065185546875,16767.978515625,-5166.53076171875,-5179.24658203125,-3092.2890625,-969.5689086914062,-6197.2939453125,1499.65283203125,6609.7578125,7517.337890625,4086.494384765625,5595.68408203125,1022.815673828125,6554.126953125,-264.6446228027344,20387.96875,-1540.18408203125,-0.0,-1300.176025390625,9549.458984375,-1438.458740234375,487.9633483886719,2253.0556640625,9502.5703125,-5121.23095703125,3563.56298828125,-4984.53759765625,-426.7692565917969,-236.03439331054688,10340.2138671875,-12451.0126953125,-12348.4921875,-5757.80859375,-1243.750244140625,266.23406982421875,-5806.287109375,-1433.6904296875,-420.41143798828125,-7760.52490234375,4040.400146484375,1448.7901611328125,1382.032958984375,-5338.98681640625,1066.5257568359375,0.0,-3007.2529296875,0.0,-2053.57861328125,-0.0,-604.7884521484375
-12188.751953125,-10262.330078125,-3665.288330078125,2258.61865234375,3323.554931640625,21096.865234375,-1657.0091552734375,3479.32177734375,-2684.59326171875,4636.4462890625,-7379.05517578125,-4716.71435546875,-4917.7802734375,3583.43115234375,1190.50341796875,-3381.570068359375,31.789142608642578,3832.18115234375,5278.58740234375,17109.712890625,3485.6796875,13124.9423828125,2337.296630859375,16760.826171875,-5180.8359375,-5177.65673828125,-3114.541259765625,-975.9266967773438,-6210.80419921875,1499.65283203125,6604.98974609375,7506.2119140625,4077.752685546875,5589.326171875,1017.2525634765625,6547.76904296875,-269.4129943847656,20379.224609375,-1556.07861328125,-0.0,-1309.7127685546875,9543.1015625,-1440.843017578125,480.0160827636719,2245.903076171875,9497.8017578125,-5122.02587890625,3569.126220703125,-4974.20654296875,-440.2796325683594,-243.98167419433594,10333.0615234375,-12496.3125,-12362.7978515625,-5772.90869140625,-1254.081787109375,259.8762512207031,-5815.82421875,-1437.6640625,-425.9745178222656,-7773.24072265625,4035.631591796875,1443.2271728515625,1377.2646484375,-5335.8076171875,1063.346923828125,0.0,-3018.379150390625,0.0,-2064.704833984375,-0.0,-612.7357177734375
-12176.037109375,-10268.6884765625,-3661.314697265625,2262.59228515625,3299.713134765625,21093.6875,-1668.13525390625,3474.553466796875,-2690.15625,4633.26806640625,-7351.23974609375,-4714.330078125,-4917.7802734375,3570.715576171875,1185.735107421875,-3387.927978515625,30.19968605041504,3825.028564453125,5271.4345703125,17108.12109375,3481.705810546875,13123.3525390625,2323.786376953125,16753.673828125,-5185.60400390625,-5167.32568359375,-3133.61474609375,-979.900390625,-6208.419921875,1486.1424560546875,6602.60546875,7503.82763671875,4077.752685546875,5589.326171875,1006.1264038085938,6546.17919921875,-281.33392333984375,20375.251953125,-1557.6680908203125,-0.0,-1314.4810791015625,9545.4853515625,-1465.4794921875,475.2477111816406,2240.340087890625,9493.828125,-5100.568359375,3575.484130859375,-4988.51171875,-450.6111145019531,-249.54476928710938,10330.6767578125,-12475.6494140625,-12365.181640625,-5768.9345703125,-1268.3868408203125,259.0815124511719,-5823.77099609375,-1440.0482177734375,-434.716552734375,-7771.65087890625,4028.47900390625,1436.0745849609375,1371.7015380859375,-5349.31787109375,1060.16796875,0.0,-3031.0947265625,0.0,-2074.24169921875,-0.0,-619.8883056640625
-12172.8583984375,-10232.92578125,-3654.956787109375,2268.9501953125,3317.197021484375,21101.6328125,-1664.9564208984375,3484.885009765625,-2680.619384765625,4646.7783203125,-7340.11328125,-4701.6142578125,-4899.501953125,3573.099853515625,1198.45068359375,-3379.980712890625,39.73643112182617,3833.770751953125,5278.58740234375,17120.04296875,3489.6533203125,13131.30078125,2324.5810546875,16763.2109375,-5174.47802734375,-5164.94140625,-3107.388671875,-964.0057983398438,-6185.373046875,1493.2950439453125,6612.9365234375,7517.337890625,4086.494384765625,5600.45263671875,1010.894775390625,6554.92138671875,-278.9497375488281,20383.19921875,-1536.21044921875,-0.0,-1303.3548583984375,9554.2265625,-1478.1951904296875,486.3739013671875,2247.492431640625,9504.9541015625,-5087.8525390625,3577.0732421875,-4977.38525390625,-426.7692565917969,-236.03439331054688,10343.392578125,-12420.8134765625,-12347.6982421875,-5746.6826171875,-1266.002685546875,268.6182556152344,-5830.92333984375,-1430.511474609375,-425.9745178222656,-7758.935546875,4035.631591796875,1444.0218505859375,1378.059326171875,-5347.728515625,1069.7047119140625,0.0,-3030.300048828125,0.0,-2067.8837890625,-0.0,-611.1463012695312
-12194.3154296875,-10221.0048828125,-3674.0302734375,2241.134765625,3333.886474609375,21086.53515625,-1667.340576171875,3472.169189453125,-2690.15625,4636.4462890625,-7367.92919921875,-4725.4560546875,-4913.01220703125,3559.58935546875,1195.2718505859375,-3389.517578125,26.226043701171875,3826.6181640625,5269.845703125,17112.09765625,3482.500732421875,13118.5849609375,2325.375732421875,16752.083984375,-5190.37255859375,-5193.5517578125,-3099.44140625,-980.6951293945312,-6198.8828125,1473.4267578125,6601.810546875,7507.80126953125,4075.368408203125,5586.9423828125,1010.1000366210938,6543.794921875,-280.5391845703125,20373.662109375,-1537.005126953125,-0.0,-1310.5074462890625,9535.94921875,-1459.1217041015625,474.4529724121094,2239.545166015625,9494.6220703125,-5126.79443359375,3546.873779296875,-4928.11181640625,-438.690185546875,-238.4185791015625,10329.8828125,-12439.88671875,-12354.8505859375,-5762.5771484375,-1282.69189453125,261.4656982421875,-5838.076171875,-1440.843017578125,-437.1007385253906,-7763.70361328125,4029.27392578125,1436.0745849609375,1355.8070068359375,-5347.728515625,1053.81005859375,0.0,-3047.7841796875,0.0,-2082.983642578125,-0.0,-625.451416015625
-12205.44140625,-10214.646484375,-3680.38818359375,2229.213623046875,3320.376220703125,21080.17578125,-1676.8773193359375,3457.864013671875,-2713.998046875,4609.42578125,-7347.265625,-4738.171875,-4909.83349609375,3524.621337890625,1181.7613525390625,-3402.233154296875,19.868215560913086,3820.26025390625,5257.1298828125,17077.921875,3475.34814453125,13111.431640625,2316.634033203125,16743.341796875,-5186.39892578125,-5189.57763671875,-3112.1572265625,-992.6160278320312,-6208.419921875,1464.684814453125,6597.0419921875,7501.443359375,4071.39453125,5581.37890625,1002.9474487304688,6536.642578125,-290.87066650390625,20360.947265625,-1542.5682373046875,-0.0,-1320.044189453125,9530.384765625,-1460.711181640625,463.3267822265625,2221.2666015625,9475.548828125,-5141.89404296875,3535.74755859375,-4932.08544921875,-448.2269287109375,-249.54476928710938,10316.3720703125,-12460.5498046875,-12351.671875,-5771.31884765625,-1277.1287841796875,267.82354736328125,-5846.818359375,-1457.5322265625,-456.1742248535156,-7770.0615234375,4021.32666015625,1417.0010986328125,1320.8388671875,-5358.060546875,1033.147216796875,0.0,-3058.11572265625,0.0,-2095.69921875,-0.0,-642.9354248046875
-12244.3837890625,-10235.3095703125,-3705.024658203125,2206.96142578125,3265.539794921875,21051.564453125,-1713.434814453125,3426.074951171875,-2745.787353515625,4567.30517578125,-7357.59716796875,-4756.45068359375,-4901.8857421875,3494.421630859375,1161.0985107421875,-3430.84326171875,-4.76837158203125,3787.676513671875,5224.5458984375,17031.828125,3444.353759765625,13084.412109375,2274.51318359375,16712.34765625,-5199.1142578125,-5217.3935546875,-3139.177978515625,-1022.0209350585938,-6212.39306640625,1448.7901611328125,6566.8427734375,7475.21728515625,4045.96337890625,5554.35791015625,964.0057983398438,6507.23779296875,-326.6334533691406,20329.15625,-1565.6153564453125,-0.0,-1347.06494140625,9504.9541015625,-1519.5211181640625,432.3323669433594,2188.6826171875,9439.7861328125,-5156.19921875,3517.46875,-4932.08544921875,-469.6846008300781,-272.5919189453125,10286.171875,-12495.517578125,-12367.56640625,-5773.703125,-1286.66552734375,261.4656982421875,-5870.66015625,-1482.1688232421875,-491.9369812011719,-7797.876953125,3989.53759765625,1382.8277587890625,1279.5130615234375,-5370.77587890625,1010.1000366210938,0.0,-3082.752197265625,0.0,-2129.87255859375,-0.0,-690.619140625
-12234.8466796875,-10253.5888671875,-3720.91943359375,2199.013916015625,3251.23486328125,21039.64453125,-1726.9453125,3415.74365234375,-2756.913330078125,4553.0,-7386.20751953125,-4773.14013671875,-4911.4228515625,3488.8583984375,1153.151123046875,-3441.9697265625,-16.689300537109375,3774.960693359375,5212.625,17019.11328125,3433.2275390625,13074.875,2263.386962890625,16702.017578125,-5216.5986328125,-5238.05615234375,-3151.098876953125,-1030.7630615234375,-6223.52001953125,1447.2008056640625,6555.7158203125,7466.47509765625,4033.24755859375,5544.8212890625,952.0848388671875,6499.29052734375,-340.1438293457031,20318.826171875,-1573.5626220703125,-0.0,-1360.5753173828125,9492.23828125,-1536.21044921875,422.0008850097656,2179.145751953125,9427.0703125,-5172.09375,3509.521484375,-4953.54296875,-492.73175048828125,-282.128662109375,10276.634765625,-12502.669921875,-12373.1298828125,-5787.2138671875,-1287.4603271484375,257.4920654296875,-5875.4287109375,-1488.5267333984375,-505.4473876953125,-7805.029296875,3976.82177734375,1371.7015380859375,1273.1552734375,-5366.00732421875,1002.9474487304688,0.0,-3097.057373046875,0.0,-2144.97265625,-0.0,-705.718994140625
-12183.9833984375,-10235.3095703125,-3693.8984375,2230.80322265625,3288.5869140625,21070.638671875,-1697.540283203125,3446.738037109375,-2729.892822265625,4583.99462890625,-7357.59716796875,-4744.52978515625,-4906.654296875,3529.3896484375,1172.224609375,-3411.769775390625,13.51038646697998,3807.544677734375,5240.4404296875,17051.697265625,3464.221923828125,13106.6640625,2297.560546875,16733.01171875,-5197.52490234375,-5203.08837890625,-3127.257080078125,-999.7686157226562,-6208.419921875,1482.1688232421875,6587.50537109375,7495.8798828125,4060.268310546875,5576.6103515625,985.4635009765625,6531.07958984375,-312.3283386230469,20347.4375,-1560.846923828125,-0.0,-1335.14404296875,9525.6162109375,-1498.0634765625,451.4058532714844,2206.16650390625,9457.2705078125,-5149.04638671875,3540.515869140625,-4946.390625,-470.4793395996094,-263.05517578125,10310.013671875,-12462.93359375,-12350.08203125,-5770.5244140625,-1265.2078857421875,267.82354736328125,-5843.63916015625,-1465.4794921875,-475.2477111816406,-7776.4189453125,4011.789794921875,1400.311767578125,1323.22314453125,-5342.16552734375,1032.3524169921875,0.0,-3064.473388671875,0.0,-2110.00439453125,-0.0,-660.41943359375
-12139.4794921875,-10193.1884765625,-3643.83056640625,2285.639404296875,3341.0390625,21119.1171875,-1648.26708984375,3499.190185546875,-2675.056396484375,4646.7783203125,-7297.19775390625,-4702.4091796875,-4883.607421875,3595.35205078125,1208.7822265625,-3351.37060546875,65.96247100830078,3857.612548828125,5290.50830078125,17116.0703125,3513.4951171875,13155.9375,2346.038818359375,16784.66796875,-5154.60986328125,-5153.81494140625,-3084.341796875,-945.72705078125,-6174.24609375,1525.0841064453125,6637.5732421875,7545.1533203125,4107.9521484375,5627.47314453125,1035.5313720703125,6580.3525390625,-263.05517578125,20398.298828125,-1506.0106201171875,-0.0,-1285.076171875,9574.890625,-1448.7901611328125,502.26849365234375,2254.64501953125,9512.9013671875,-5097.38916015625,3594.5576171875,-4905.06494140625,-433.1270751953125,-226.49765014648438,10365.6455078125,-12404.1240234375,-12321.47265625,-5735.55615234375,-1223.882080078125,283.7181091308594,-5791.98193359375,-1424.1536865234375,-422.7956237792969,-7727.14599609375,4061.063232421875,1453.55859375,1389.9803466796875,-5310.37646484375,1080.0361328125,0.0,-3007.2529296875,0.0,-2051.1943359375,-0.0,-596.8411865234375
-12155.3740234375,-10209.083984375,-3639.85693359375,2291.997314453125,3345.807373046875,21121.501953125,-1650.6513671875,3500.779296875,-2678.2353515625,4645.9833984375,-7316.271484375,-4696.05126953125,-4878.8388671875,3582.636474609375,1205.603271484375,-3348.19140625,63.578285217285156,3857.612548828125,5290.50830078125,17116.0703125,3512.700439453125,13157.52734375,2346.038818359375,16785.462890625,-5141.89404296875,-5141.89404296875,-3084.341796875,-943.3428344726562,-6185.373046875,1503.62646484375,6636.7783203125,7541.1796875,4108.7470703125,5626.6787109375,1036.3260498046875,6581.1474609375,-265.4393615722656,20397.50390625,-1507.6002197265625,-0.0,-1281.1025390625,9580.453125,-1447.9954833984375,504.6526794433594,2249.081787109375,9512.1064453125,-5088.6474609375,3597.736328125,-4905.859375,-409.28521728515625,-227.29237365722656,10367.234375,-12411.2763671875,-12341.33984375,-5746.6826171875,-1231.03466796875,284.5128479003906,-5790.392578125,-1428.9219970703125,-425.1798095703125,-7729.5302734375,4060.268310546875,1450.3797607421875,1381.23828125,-5320.7080078125,1076.857177734375,0.0,-3015.200439453125,0.0,-2060.731201171875,-0.0,-602.404296875
-12180.8056640625,-10209.083984375,-3642.2412109375,2287.228759765625,3346.602294921875,21113.5546875,-1652.24072265625,3498.395263671875,-2671.877685546875,4665.056640625,-7348.85546875,-4689.693359375,-4876.45458984375,3580.25244140625,1206.39794921875,-3357.728271484375,57.220458984375,3851.254638671875,5288.9189453125,17127.1953125,3511.111083984375,13150.3740234375,2343.654541015625,16779.103515625,-5128.3837890625,-5162.55712890625,-3089.110107421875,-953.67431640625,-6198.08837890625,1503.62646484375,6632.009765625,7534.82177734375,4105.56787109375,5620.32080078125,1033.147216796875,6575.58447265625,-267.02880859375,20395.12109375,-1511.57373046875,-0.0,-1277.1287841796875,9567.7373046875,-1448.7901611328125,499.08953857421875,2246.69775390625,9514.4912109375,-5101.36279296875,3592.17333984375,-4907.44921875,-399.74847412109375,-227.29237365722656,10359.287109375,-12428.7607421875,-12337.3671875,-5759.39794921875,-1239.776611328125,291.6654052734375,-5784.82958984375,-1430.511474609375,-405.31158447265625,-7737.4775390625,4057.08935546875,1452.763916015625,1375.6751708984375,-5331.83447265625,1084.8045654296875,0.0,-3012.816162109375,0.0,-2046.426025390625,-0.0,-584.12548828125
-12199.87890625,-10197.95703125,-3635.088623046875,2288.023681640625,3355.343994140625,21118.322265625,-1645.8829345703125,3507.931884765625,-2656.777587890625,4696.84619140625,-7344.88134765625,-4703.99853515625,-4862.9443359375,3595.35205078125,1211.1663818359375,-3348.986328125,60.39937210083008,3854.433837890625,5297.66064453125,17151.037109375,3517.46875,13152.7587890625,2349.2177734375,16786.255859375,-5124.41015625,-5160.1728515625,-3080.3681640625,-948.9059448242188,-6213.18798828125,1522.699951171875,6635.18896484375,7537.2060546875,4108.7470703125,5622.705078125,1037.91552734375,6580.3525390625,-259.0815124511719,20403.861328125,-1517.136962890625,-0.0,-1268.3868408203125,9568.5322265625,-1440.843017578125,503.0632019042969,2256.234375,9530.384765625,-5107.720703125,3594.5576171875,-4905.06494140625,-398.1590270996094,-223.31874084472656,10371.2080078125,-12442.271484375,-12306.373046875,-5773.703125,-1238.1871337890625,286.89703369140625,-5796.75048828125,-1417.7957763671875,-387.0328369140625,-7744.63037109375,4059.4736328125,1464.684814453125,1390.7750244140625,-5358.060546875,1076.857177734375,0.0,-3006.458251953125,0.0,-2027.3525390625,-0.0,-569.0256958007812
-12228.4892578125,-10218.6201171875,-3656.54638671875,2257.029296875,3326.73388671875,21092.892578125,-1672.9036865234375,3476.9375,-2679.82470703125,4667.44091796875,-7383.0283203125,-4735.7880859375,-4905.859375,3569.126220703125,1188.1192626953125,-3381.570068359375,30.19968605041504,3824.23388671875,5269.845703125,17124.017578125,3488.063720703125,13124.1484375,2319.812744140625,16756.05859375,-5159.3779296875,-5187.193359375,-3107.388671875,-978.3109130859375,-6228.2880859375,1500.4476318359375,6605.7841796875,7506.2119140625,4078.547119140625,5590.91552734375,1010.894775390625,6550.94775390625,-287.6917419433594,20374.45703125,-1543.3629150390625,-0.0,-1289.844482421875,9539.126953125,-1469.4532470703125,475.2477111816406,2230.80322265625,9498.595703125,-5109.31005859375,3561.9736328125,-4940.033203125,-425.1798095703125,-244.77639770507812,10342.59765625,-12470.0859375,-12326.240234375,-5790.392578125,-1264.4132080078125,266.23406982421875,-5849.20263671875,-1435.27978515625,-421.2061462402344,-7773.24072265625,4032.453125,1437.6640625,1358.191162109375,-5369.1865234375,1038.710205078125,0.0,-3044.605224609375,0.0,-2061.526123046875,-0.0,-623.8619384765625
-12232.462890625,-10246.4365234375,-3681.9775390625,2226.82958984375,3308.455322265625,21078.5859375,-1691.9771728515625,3451.50634765625,-2702.0771484375,4607.83642578125,-7377.4658203125,-4746.9140625,-4937.64892578125,3557.999755859375,1176.1983642578125,-3404.6171875,11.920928955078125,3805.955078125,5249.18212890625,17088.255859375,3467.40087890625,13105.0751953125,2299.944580078125,16737.779296875,-5196.72998046875,-5204.677734375,-3116.925537109375,-993.4107055664062,-6230.67236328125,1468.658447265625,6585.916015625,7487.13818359375,4058.67919921875,5571.04736328125,991.8212890625,6533.4638671875,-307.5599670410156,20352.205078125,-1558.4627685546875,-0.0,-1315.2757568359375,9519.259765625,-1484.552978515625,459.3531188964844,2209.345458984375,9463.6279296875,-5115.66796875,3531.77392578125,-4946.390625,-435.5112609863281,-257.4920654296875,10318.755859375,-12466.9072265625,-12356.4404296875,-5792.7763671875,-1266.002685546875,260.6709899902344,-5855.560546875,-1451.9691162109375,-463.3267822265625,-7785.9560546875,4014.96875,1410.6431884765625,1339.11767578125,-5376.3388671875,1005.3316650390625,0.0,-3058.11572265625,0.0,-2097.288818359375,-0.0,-660.41943359375
-12211.0048828125,-10247.23046875,-3679.59326171875,2237.955810546875,3307.660400390625,21088.91796875,-1684.0299072265625,3453.095703125,-2704.46142578125,4580.02099609375,-7345.67626953125,-4738.96630859375,-4907.44921875,3559.58935546875,1193.682373046875,-3396.670166015625,26.226043701171875,3814.697265625,5253.95068359375,17069.181640625,3473.7587890625,13119.3798828125,2307.891845703125,16747.31640625,-5199.9091796875,-5184.0146484375,-3101.82568359375,-983.8739624023438,-6217.16162109375,1476.605712890625,6599.42626953125,7502.23779296875,4067.4208984375,5586.1474609375,997.3843994140625,6546.17919921875,-298.8179626464844,20357.767578125,-1543.3629150390625,-0.0,-1327.19677734375,9538.3330078125,-1476.605712890625,467.3004150390625,2214.114013671875,9458.0654296875,-5119.6416015625,3542.10546875,-4939.23828125,-429.94818115234375,-240.80276489257812,10323.5244140625,-12451.8076171875,-12343.724609375,-5776.88232421875,-1251.697509765625,284.5128479003906,-5817.4130859375,-1450.3797607421875,-476.04241943359375,-7777.2138671875,4024.505615234375,1405.8748779296875,1349.44921875,-5366.80224609375,1025.199951171875,0.0,-3038.247314453125,0.0,-2098.08349609375,-0.0,-646.9090576171875
-12177.626953125,-10228.951171875,-3654.956787109375,2260.2080078125,3329.912841796875,21100.044921875,-1664.16162109375,3477.732421875,-2686.1826171875,4617.373046875,-7323.423828125,-4717.5087890625,-4897.11767578125,3577.0732421875,1211.1663818359375,-3368.059814453125,51.6573600769043,3836.94970703125,5276.203125,17096.99609375,3496.805908203125,13139.248046875,2330.93896484375,16766.390625,-5164.146484375,-5171.298828125,-3089.90478515625,-971.9530639648438,-6184.578125,1494.0897216796875,6624.06298828125,7527.66943359375,4094.44189453125,5610.7841796875,1019.6367797851562,6567.63720703125,-277.36029052734375,20381.609375,-1513.1632080078125,-0.0,-1304.9443359375,9557.40625,-1459.91650390625,484.7844543457031,2232.392578125,9485.0859375,-5112.4892578125,3565.15234375,-4932.88037109375,-429.94818115234375,-222.5240020751953,10347.3662109375,-12451.8076171875,-12327.03515625,-5745.8876953125,-1242.95556640625,296.43377685546875,-5798.33984375,-1436.8692626953125,-440.2796325683594,-7758.140625,4047.552490234375,1428.9219970703125,1376.469970703125,-5345.3447265625,1063.346923828125,0.0,-3009.63720703125,0.0,-2051.9892578125,-0.0,-607.9674072265625
-12173.65234375,-10221.0048828125,-3659.72509765625,2256.234375,3331.502197265625,21095.275390625,-1664.16162109375,3475.34814453125,-2682.208984375,4622.1416015625,-7331.37109375,-4719.0986328125,-4909.83349609375,3590.583740234375,1210.37158203125,-3376.007080078125,50.86262893676758,3832.97607421875,5276.203125,17102.560546875,3496.010986328125,13136.0693359375,2331.733642578125,16764.798828125,-5165.73583984375,-5175.2724609375,-3089.110107421875,-982.2845458984375,-6183.783203125,1498.0634765625,6622.47314453125,7526.87451171875,4093.64697265625,5607.60498046875,1018.8421020507812,6566.0478515625,-278.1549987792969,20377.63671875,-1501.2423095703125,-0.0,-1304.149658203125,9552.6376953125,-1461.505859375,480.810791015625,2233.982177734375,9485.880859375,-5126.79443359375,3563.56298828125,-4936.0595703125,-437.89544677734375,-222.5240020751953,10341.8037109375,-12458.9609375,-12335.77734375,-5745.0927734375,-1245.3397216796875,293.2548522949219,-5803.9033203125,-1427.33251953125,-443.45855712890625,-7766.087890625,4045.16845703125,1428.9219970703125,1380.443603515625,-5356.470703125,1058.5784912109375,0.0,-3025.53173828125,0.0,-2067.8837890625,-0.0,-608.7620849609375
-12172.0625,-10231.3359375,-3660.519775390625,2254.64501953125,3336.2705078125,21091.302734375,-1663.366943359375,3469.784912109375,-2679.82470703125,4616.57861328125,-7332.166015625,-4718.3037109375,-4879.63330078125,3580.25244140625,1220.703125,-3385.5439453125,47.6837158203125,3819.465576171875,5274.61376953125,17104.1484375,3495.21630859375,13135.2744140625,2330.93896484375,16761.62109375,-5163.3515625,-5183.2197265625,-3079.573486328125,-985.4635009765625,-6186.16748046875,1502.831787109375,6620.0888671875,7520.51708984375,4089.673583984375,5603.63134765625,1018.04736328125,6563.66357421875,-278.1549987792969,20372.8671875,-1511.57373046875,-0.0,-1300.176025390625,9545.4853515625,-1458.326904296875,476.837158203125,2235.571533203125,9481.1123046875,-5108.51513671875,3561.9736328125,-4924.138671875,-434.716552734375,-213.78199768066406,10336.240234375,-12439.88671875,-12348.4921875,-5746.6826171875,-1250.90283203125,289.2812194824219,-5807.08154296875,-1420.179931640625,-452.99530029296875,-7777.2138671875,4045.96337890625,1429.7166748046875,1378.059326171875,-5328.6552734375,1058.5784912109375,0.0,-3038.247314453125,0.0,-2086.957275390625,-0.0,-614.3251953125
-12188.751953125,-10227.3623046875,-3671.64599609375,2266.56591796875,3320.376220703125,21094.48046875,-1674.4931640625,3471.37451171875,-2684.59326171875,4622.1416015625,-7364.75,-4712.740234375,-4889.17041015625,3569.126220703125,1185.735107421875,-3378.391357421875,42.1206169128418,3810.7236328125,5269.05078125,17105.73828125,3488.063720703125,13136.0693359375,2322.99169921875,16757.646484375,-5190.37255859375,-5155.40478515625,-3103.415283203125,-977.5161743164062,-6198.08837890625,1494.884521484375,6615.32080078125,7514.95361328125,4081.72607421875,5599.65771484375,1008.5106201171875,6562.86865234375,-290.075927734375,20372.072265625,-1507.6002197265625,-0.0,-1314.4810791015625,9551.8427734375,-1474.2215576171875,476.04241943359375,2224.4453125,9481.1123046875,-5114.87353515625,3573.89453125,-4944.00634765625,-423.59033203125,-248.75006103515625,10342.59765625,-12445.4501953125,-12356.4404296875,-5763.3720703125,-1258.85009765625,259.0815124511719,-5810.2607421875,-1439.25341796875,-446.6374816894531,-7766.88232421875,4042.7841796875,1426.537841796875,1371.7015380859375,-5327.06591796875,1063.346923828125,0.0,-3024.737060546875,0.0,-2067.089111328125,-0.0,-610.3515625
-12218.158203125,-10208.2890625,-3678.00390625,2280.87109375,3302.89208984375,21100.044921875,-1687.208740234375,3472.169189453125,-2694.924560546875,4622.1416015625,-7376.6708984375,-4702.4091796875,-4928.11181640625,3562.768310546875,1155.535400390625,-3366.47021484375,40.531158447265625,3805.16064453125,5264.2822265625,17100.96875,3480.9111328125,13137.658203125,2312.66015625,16756.05859375,-5212.625,-5137.92041015625,-3129.641357421875,-971.1583251953125,-6212.39306640625,1499.65283203125,6612.9365234375,7515.74853515625,4076.957763671875,5601.2470703125,1000.5632934570312,6564.45849609375,-301.2021484375,20369.6875,-1524.2894287109375,-0.0,-1327.991455078125,9564.55859375,-1490.1160888671875,477.63189697265625,2213.319091796875,9482.701171875,-5137.12548828125,3587.405029296875,-4972.61669921875,-421.2061462402344,-277.36029052734375,10351.33984375,-12463.728515625,-12358.029296875,-5776.08740234375,-1255.671142578125,245.57113647460938,-5806.287109375,-1458.326904296875,-442.663818359375,-7758.935546875,4038.015869140625,1420.9747314453125,1371.7015380859375,-5342.16552734375,1071.294189453125,0.0,-3016.789794921875,0.0,-2045.63134765625,-0.0,-606.3779296875
-12226.8994140625,-10213.0576171875,-3683.567138671875,2271.33447265625,3305.276123046875,21084.943359375,-1691.9771728515625,3454.685302734375,-2706.845458984375,4591.94189453125,-7388.591796875,-4706.3828125,-4919.3701171875,3546.873779296875,1162.6878662109375,-3391.901611328125,38.94169998168945,3800.39208984375,5256.3349609375,17080.306640625,3479.32177734375,13130.505859375,2308.6865234375,16747.31640625,-5198.31982421875,-5186.39892578125,-3127.257080078125,-991.8212890625,-6226.6982421875,1495.67919921875,6606.57861328125,7511.7744140625,4073.778564453125,5596.47900390625,995.794921875,6554.92138671875,-305.17578125,20358.5625,-1536.21044921875,-0.0,-1325.6072998046875,9551.8427734375,-1491.70556640625,464.1214904785156,2203.7822265625,9459.6552734375,-5137.12548828125,3578.662841796875,-4967.84814453125,-427.5639953613281,-270.2077331542969,10328.29296875,-12470.8818359375,-12359.619140625,-5788.80322265625,-1258.85009765625,257.4920654296875,-5809.4658203125,-1460.711181640625,-480.0160827636719,-7770.0615234375,4030.86328125,1407.46435546875,1342.296630859375,-5374.74951171875,1072.0888671875,0.0,-3062.089111328125,0.0,-2113.97802734375,-0.0,-652.47216796875
-12226.1044921875,-10221.0048828125,-3692.30908203125,2278.487060546875,3312.4287109375,21088.91796875,-1687.208740234375,3457.864013671875,-2703.666748046875,4594.326171875,-7386.20751953125,-4708.76708984375,-4909.83349609375,3548.463134765625,1169.8404541015625,-3393.490966796875,42.91534423828125,3804.365966796875,5261.10302734375,17082.69140625,3484.090087890625,13132.8896484375,2314.249755859375,16750.494140625,-5187.193359375,-5170.50390625,-3117.720458984375,-994.2054443359375,-6220.3408203125,1512.3685302734375,6611.34716796875,7514.15869140625,4077.752685546875,5599.65771484375,998.1790771484375,6560.484375,-300.40740966796875,20360.947265625,-1520.3157958984375,-0.0,-1320.8388671875,9556.611328125,-1483.75830078125,464.9162292480469,2207.756103515625,9462.0390625,-5147.45703125,3585.8154296875,-4955.92724609375,-426.7692565917969,-262.26043701171875,10331.4716796875,-12474.060546875,-12353.2607421875,-5783.23974609375,-1259.6448974609375,267.02880859375,-5807.08154296875,-1455.9427490234375,-483.9897155761719,-7781.1875,4032.453125,1412.2327880859375,1342.296630859375,-5376.3388671875,1064.1416015625,0.0,-3065.268310546875,0.0,-2119.541259765625,-0.0,-651.6774291992188
-12220.5419921875,-10223.388671875,-3699.461669921875,2268.1552734375,3315.607666015625,21090.5078125,-1685.619384765625,3461.043212890625,-2702.0771484375,4603.86279296875,-7361.57080078125,-4718.3037109375,-4912.2177734375,3547.66845703125,1170.63525390625,-3384.749267578125,44.50480270385742,3803.571044921875,5261.89794921875,17092.228515625,3480.9111328125,13130.505859375,2314.249755859375,16752.87890625,-5194.34619140625,-5173.68310546875,-3112.1572265625,-989.4371337890625,-6212.39306640625,1508.3948974609375,6610.55224609375,7513.3642578125,4074.573486328125,5595.68408203125,998.973876953125,6561.279296875,-298.8179626464844,20361.7421875,-1519.5211181640625,-0.0,-1324.8125,9550.25390625,-1481.3741455078125,467.3004150390625,2212.5244140625,9468.396484375,-5145.86767578125,3575.484130859375,-4951.1591796875,-423.59033203125,-262.26043701171875,10335.4453125,-12473.265625,-12352.466796875,-5774.498046875,-1241.3660888671875,263.05517578125,-5809.4658203125,-1455.1480712890625,-466.50567626953125,-7782.77734375,4034.04248046875,1417.0010986328125,1344.6807861328125,-5362.03369140625,1048.2469482421875,0.0,-3062.089111328125,0.0,-2103.646484375,-0.0,-643.7301635742188
-12199.083984375,-10221.798828125,-3700.25634765625,2264.9765625,3323.554931640625,21088.91796875,-1678.466796875,3461.837890625,-2692.54052734375,4611.01513671875,-7332.96044921875,-4734.9931640625,-4919.3701171875,3567.53662109375,1176.9930419921875,-3392.6962890625,45.299530029296875,3807.544677734375,5267.46142578125,17099.380859375,3483.29541015625,13129.7109375,2319.01806640625,16754.46875,-5191.9619140625,-5179.24658203125,-3100.236083984375,-991.0265502929688,-6194.90966796875,1512.3685302734375,6612.9365234375,7516.54296875,4076.957763671875,5597.2734375,1005.3316650390625,6563.66357421875,-293.2548522949219,20364.919921875,-1517.136962890625,-0.0,-1324.017822265625,9547.8701171875,-1472.632080078125,470.4793395996094,2215.703369140625,9470.7802734375,-5129.1787109375,3570.715576171875,-4966.2587890625,-421.2061462402344,-255.90261840820312,10332.2666015625,-12451.0126953125,-12338.1611328125,-5754.62939453125,-1231.829345703125,266.23406982421875,-5806.287109375,-1446.406005859375,-457.763671875,-7766.087890625,4039.605712890625,1423.35888671875,1350.243896484375,-5343.75537109375,1046.6575927734375,0.0,-3060.5,0.0,-2096.493896484375,-0.0,-641.345947265625
-12189.5478515625,-10222.5947265625,-3690.7197265625,2280.076171875,3342.62841796875,21103.224609375,-1663.366943359375,3476.142822265625,-2682.208984375,4622.1416015625,-7326.60302734375,-4723.86669921875,-4918.5751953125,3581.047119140625,1192.0928955078125,-3383.15966796875,57.220458984375,3821.849853515625,5281.7666015625,17106.533203125,3498.395263671875,13144.0166015625,2333.3232421875,16767.18359375,-5191.16748046875,-5161.76220703125,-3083.546875,-979.900390625,-6188.55126953125,1536.21044921875,6627.24169921875,7525.28515625,4087.289306640625,5609.1943359375,1018.8421020507812,6578.763671875,-277.36029052734375,20377.63671875,-1516.3421630859375,-0.0,-1315.2757568359375,9562.96875,-1452.763916015625,483.1949768066406,2226.82958984375,9482.701171875,-5120.43603515625,3586.610107421875,-5005.9951171875,-410.87469482421875,-240.80276489257812,10344.982421875,-12447.0400390625,-12319.087890625,-5749.06689453125,-1231.03466796875,276.5655517578125,-5800.72412109375,-1434.485107421875,-452.2005615234375,-7753.3720703125,4053.91064453125,1435.27978515625,1361.3701171875,-5338.19189453125,1058.5784912109375,0.0,-3047.7841796875,0.0,-2083.7783203125,-0.0,-626.2461547851562
-12199.083984375,-10208.2890625,-3679.59326171875,2276.8974609375,3373.622802734375,21111.96484375,-1649.8565673828125,3488.063720703125,-2671.877685546875,4634.857421875,-7333.75537109375,-4690.48828125,-4915.39599609375,3597.736328125,1204.80859375,-3361.701904296875,67.55193328857422,3830.591796875,5294.48193359375,17118.453125,3511.90576171875,13151.962890625,2350.80712890625,16778.310546875,-5180.041015625,-5151.4306640625,-3069.24169921875,-965.59521484375,-6202.06201171875,1510.779052734375,6637.5732421875,7531.64306640625,4097.62060546875,5616.3466796875,1033.147216796875,6589.8896484375,-263.05517578125,20390.3515625,-1513.1632080078125,-0.0,-1299.3812255859375,9566.943359375,-1426.537841796875,495.1159362792969,2240.340087890625,9496.2119140625,-5108.51513671875,3581.841796875,-4936.0595703125,-406.9010314941406,-229.6765594482422,10360.876953125,-12466.9072265625,-12311.935546875,-5764.96142578125,-1248.5185546875,278.9497375488281,-5789.59814453125,-1420.179931640625,-437.1007385253906,-7751.78271484375,4067.4208984375,1449.5849609375,1379.6488037109375,-5346.1396484375,1080.8309326171875,0.0,-3040.631591796875,0.0,-2075.036376953125,-0.0,-615.1199340820312
-12190.341796875,-10175.705078125,-3651.778076171875,2302.328857421875,3387.927978515625,21134.21875,-1623.6304931640625,3518.263671875,-2640.08837890625,4673.798828125,-7322.62939453125,-4658.69921875,-4887.5810546875,3637.472900390625,1217.524169921875,-3328.3232421875,92.18851470947266,3855.228515625,5323.88671875,17158.189453125,3534.157958984375,13176.6005859375,2376.238525390625,16805.330078125,-5156.99365234375,-5131.5625,-3062.884033203125,-929.8324584960938,-6190.14111328125,1520.3157958984375,6662.2099609375,7557.869140625,4123.05224609375,5642.57275390625,1056.1943359375,6615.32080078125,-239.2133026123047,20420.55078125,-1468.658447265625,-0.0,-1278.7183837890625,9590.78515625,-1406.669677734375,522.13671875,2267.360595703125,9530.384765625,-5083.083984375,3608.06787109375,-4900.296875,-386.23809814453125,-215.37144470214844,10392.666015625,-12452.6025390625,-12288.8876953125,-5753.8349609375,-1231.829345703125,283.7181091308594,-5760.19287109375,-1395.54345703125,-399.74847412109375,-7723.96728515625,4092.85205078125,1480.579345703125,1426.537841796875,-5302.42919921875,1114.20947265625,0.0,-3001.68994140625,0.0,-2032.915771484375,-0.0,-572.20458984375
-12179.2158203125,-10166.16796875,-3631.114990234375,2305.507568359375,3364.086181640625,21145.34375,-1632.37255859375,3523.82666015625,-2637.7041015625,4677.7724609375,-7301.96630859375,-4661.8779296875,-4851.81787109375,3637.472900390625,1218.3189697265625,-3321.965576171875,99.34107208251953,3857.612548828125,5323.88671875,17162.958984375,3538.92626953125,13185.341796875,2366.701904296875,16810.099609375,-5132.35693359375,-5122.02587890625,-3070.831298828125,-924.2693481445312,-6159.94140625,1533.826171875,6666.978515625,7565.021484375,4130.9990234375,5649.7255859375,1052.220703125,6621.6787109375,-245.57113647460938,20422.935546875,-1482.1688232421875,-0.0,-1266.79736328125,9605.08984375,-1440.0482177734375,529.2892456054688,2267.360595703125,9536.7431640625,-5055.2685546875,3609.6572265625,-4866.123046875,-360.0120544433594,-214.57672119140625,10401.408203125,-12413.6611328125,-12276.966796875,-5722.8408203125,-1207.9874267578125,295.6390380859375,-5756.21923828125,-1397.9276123046875,-398.9537658691406,-7710.45703125,4091.2626953125,1483.75830078125,1428.9219970703125,-5252.361328125,1103.8780517578125,0.0,-2993.74267578125,0.0,-2029.73681640625,-0.0,-569.0256958007812
-12199.083984375,-10197.95703125,-3661.314697265625,2273.718505859375,3333.886474609375,21111.169921875,-1666.5458984375,3490.447998046875,-2666.314453125,4649.162109375,-7326.60302734375,-4702.4091796875,-4874.07080078125,3605.68359375,1196.861328125,-3356.93359375,69.14138793945312,3825.823486328125,5288.9189453125,17133.5546875,3508.726806640625,13155.142578125,2328.554931640625,16776.720703125,-5137.92041015625,-5149.04638671875,-3093.083740234375,-966.3899536132812,-6178.22021484375,1524.2894287109375,6636.7783203125,7537.2060546875,4102.388671875,5621.91015625,1019.6367797851562,6587.50537109375,-278.9497375488281,20387.96875,-1500.4476318359375,-0.0,-1287.4603271484375,9578.068359375,-1478.989990234375,494.3211669921875,2237.160888671875,9504.1591796875,-5086.26318359375,3577.8681640625,-4880.42822265625,-403.7221374511719,-238.4185791015625,10367.234375,-12431.14453125,-12293.65625,-5741.9140625,-1221.4979248046875,290.87066650390625,-5780.06103515625,-1424.9483642578125,-425.9745178222656,-7742.24609375,4057.08935546875,1453.55859375,1393.9539794921875,-5316.734375,1065.7310791015625,0.0,-3019.173828125,0.0,-2058.346923828125,-0.0,-600.0200805664062
-12194.3154296875,-10178.0888671875,-3639.062255859375,2284.050048828125,3364.880859375,21119.9140625,-1649.8565673828125,3503.95849609375,-2660.75146484375,4656.31494140625,-7306.734375,-4670.6201171875,-4859.765625,3604.888916015625,1207.1927490234375,-3352.9599609375,82.65177154541016,3837.744384765625,5303.22412109375,17144.6796875,3527.00537109375,13166.2685546875,2347.62841796875,16789.435546875,-5111.6943359375,-5147.45703125,-3070.03662109375,-952.0848388671875,-6178.22021484375,1546.5418701171875,6651.08349609375,7550.71630859375,4120.66796875,5633.0361328125,1039.5050048828125,6598.63134765625,-263.05517578125,20403.06640625,-1480.579345703125,-0.0,-1262.029052734375,9579.658203125,-1447.2008056640625,507.036865234375,2249.081787109375,9516.080078125,-5087.8525390625,3588.994384765625,-4882.017578125,-391.80120849609375,-226.49765014648438,10377.56640625,-12439.091796875,-12277.7626953125,-5738.7353515625,-1203.2191162109375,286.89703369140625,-5768.9345703125,-1415.41162109375,-418.82196044921875,-7739.06689453125,4073.778564453125,1465.4794921875,1393.9539794921875,-5368.3916015625,1094.34130859375,0.0,-3008.842529296875,0.0,-2051.1943359375,-0.0,-597.6359252929688
-12172.0625,-10170.9365234375,-3631.114990234375,2294.38134765625,3381.570068359375,21127.859375,-1634.7567138671875,3515.87939453125,-2658.3671875,4664.26220703125,-7292.4296875,-4659.494140625,-4885.19677734375,3597.736328125,1224.6767578125,-3340.244384765625,87.4201431274414,3845.691650390625,5316.734375,17149.44921875,3534.952880859375,13173.4208984375,2363.522705078125,16798.177734375,-5120.43603515625,-5125.20458984375,-3050.168212890625,-941.75341796875,-6188.55126953125,1539.3892822265625,6656.646484375,7551.51123046875,4124.6416015625,5636.21533203125,1049.8365478515625,6606.57861328125,-247.955322265625,20414.98828125,-1478.989990234375,-0.0,-1258.85009765625,9582.04296875,-1423.35888671875,518.957763671875,2258.61865234375,9525.6162109375,-5067.98388671875,3602.504638671875,-4920.95947265625,-383.8539123535156,-209.808349609375,10388.6923828125,-12439.88671875,-12283.3251953125,-5749.06689453125,-1194.47705078125,284.5128479003906,-5753.04052734375,-1398.7222900390625,-408.4905090332031,-7738.27197265625,4085.699462890625,1472.632080078125,1395.54345703125,-5350.11279296875,1111.8253173828125,0.0,-3002.484619140625,0.0,-2046.426025390625,-0.0,-593.6622314453125
